[[1216   38   12   43  109   33   16   30   10   14   16    3    3   55 
     5   77    1   49   83    3  276   25   12    6    4    0    2   40]
 [  55  702    8   48   33   10   12    8   13    8   19    2    4   14 
     0   11    0   49    9    4  159    4    0   13    0    1    2   15]
 [  22   31  360  166   31   10   20   15    5   38   52   27    6    1 
     6    2    3    2    3    3  187    2    0    6    1    2    8    8]
 [  44   69  193  393  109   24   37   42   11   70  109   53   17   14 
     8   11    3    9   12    9  370    8    0   13    1    4   12   10]
 [ 206   57   61  144  617   57   50   32   33   44   64   19   12   21 
     8   11    1   23   38    2  704   30    3   27    6    6    8    9]
 [  37   13   20   50   86  171   14   11    5   18   21    0    1    7 
     3   10    1   12   11   11  160   15    0    3    2    5   15    1]
 [  13   24   29   42   50    6  295  131    2   16   28    8    6    4
     4    2    0    2    8    3  260    4    0    7    0    4    4   16]
 [  36   18   25   62   46   16  172  410   11   11   17    6    4   15
     3    3    0    6    4    0  234    4    0    2    2    1    1   20]
 [  25   11   15   22   44   14    7   11  116    9    7    4    2    4
     3    2    0   10    7    1   92   25    0    1    1    1    2    2]
 [  30   32   44   92   57   17   25   17   13  155   69   16    8    4
     9    5    1    3    2   11  193    7    0   15    1    5   40    6]
 [  45   33   90  195  115   26   59   17   14   65  366   36   10    8
     6    7    2    7    7    2  424    4    0   14    2    7   15   13]
 [  13   16   64   91   20    2   14    9    2   44   42  118   13    3
    12    0    1    3    2    2   96    2    0    4    0    1    2    3]
 [   6   16   18   39   13    6    6    6    0    9    9   10   49    3
     2    3    1    1    1    1   68    4    0    2    0    5    3    5]
 [  79   24    9   19   35    6   14   31    8    7   12    5    0  146
     1    8    0   32   16    2  139   13    0    2    1    0    0   28]
 [   9    8   17   26   23    7    9    7    1   10   14   16    5    0
   118    1    0    3    2    5   65    0    0    3    0    1    7    2]
 [ 125    8    3   18   32   26   11    3    6    7    4    2    0   15
     0 1077    3   33    8    0   53   17    2    3    6   15    2    3]
 [   3    0    5    1    6    3    1    1    1    4    1    1    2    0
     0    3    8    1    1    1    6    0    0    0    0    3    4    0]
 [ 115  123    9   26   62   23    9    8   10   10    7    4    1   48
     1   36    1  219   39    0  123   11    1    4    4    1    1    6]
 [ 136   15    4   15   52   18    8    7   19   13    5    2    3   15
     2   11    0   51  533    0   83    7    0    2    0    1    5    2]
 [   4    4    2   17   15    8    8    5    3   11    3    3    3    2
    14    0    1    3    2   23   34    2    0    1    1    0    4    1]
 [ 535  335  418  741 1025  253  382  396  148  318  518  111   63  148
    71   96   20  134  137   25 4664  105   11  129   18   23   63   76]
 [  66   23   13   34   82   43   23   15   41   17   18    7    0   19
     4   16    0   20    9    0  225  179    1    8    1    3    5    2]
 [  31    3    3    4   12    1    2    2    0    4    3    1    1    2
     0    5    1    7    0    0   39    7    6    1    1    0    1    0]
 [  42   24   29   77   98   20   34   19    6   30   58    5    4    9
     6    6    3   13    6    6  320    7    1   64    0   11    6   23]
 [  18    4    3    2   24   12    2    1    0    5    3    1    0    2
     0    8    0   17    3    0   39    2    1    2    9    0    3    2]
 [   5    4    6   18   11    8    6    7    4   26   12    3   14    0
     1   15    5    1    0    3   49    5    0    5    0   85   27    0]
 [  21   15   31   58   39   21    8    6    8   70   38   10    7    2
    11    5    7    4    3    4  180    4    0    8    1   41  140    2]
 [  48   22   24   46   35    7   31   37    7   21   23    7    3   33
     6    5    1    7    1    2  172    1    1    9    0    0    2  148]]
                precision    recall  f1-score   support

    admiration       0.41      0.56      0.47      2181
     amusement       0.42      0.58      0.49      1203
         anger       0.24      0.35      0.28      1017
     annoyance       0.16      0.24      0.19      1655
      approval       0.21      0.27      0.24      2293
        caring       0.20      0.24      0.22       703
     confusion       0.23      0.30      0.26       968
     curiosity       0.32      0.36      0.34      1129
        desire       0.23      0.26      0.25       438
disappointment       0.15      0.18      0.16       877
   disapproval       0.24      0.23      0.23      1589
       disgust       0.25      0.20      0.22       579
 embarrassment       0.20      0.17      0.19       286
    excitement       0.25      0.23      0.24       637
          fear       0.39      0.33      0.36       359
     gratitude       0.75      0.73      0.74      1482
         grief       0.12      0.14      0.13        56
           joy       0.30      0.24      0.27       902
          love       0.56      0.53      0.54      1009
   nervousness       0.19      0.13      0.15       174
       neutral       0.50      0.43      0.46     10963
      optimism       0.36      0.20      0.26       874
         pride       0.15      0.04      0.07       137
   realization       0.18      0.07      0.10       927
        relief       0.15      0.06      0.08       163
       remorse       0.38      0.27      0.31       320
       sadness       0.36      0.19      0.25       744
      surprise       0.33      0.21      0.26       699

      accuracy                           0.36     34364
     macro avg       0.29      0.28      0.28     34364
  weighted avg       0.37      0.36      0.36     34364