Base Emotions Decision Tree Model
[[1217   40   11   41  107   35   16   30   10   14   16    3    3   53
     5   78    1   54   79    3  276   24   12    6    4    0    3   40]
 [  54  704    9   50   32   10   14    9   13    7   19    2    4   14
     0   11    0   47    9    4  157    3    0   13    0    1    2   15]
 [  23   31  358  166   31    9   20   15    5   37   50   27    6    1
     6    2    3    3    4    3  191    2    0    5    1    2    8    8]
 [  44   69  191  391  109   22   39   43   11   69  110   54   17   12
     8   11    3   10   13   11  371    8    0   13    1    4   12    9]
 [ 204   56   58  143  617   56   50   32   33   46   62   20   12   23
     8   12    1   26   38    2  706   29    3   27    6    6    8    9]
 [  37   13   20   52   84  173   14   11    5   18   20    1    1    7
     3   10    1   11   11   11  158   15    1    3    2    5   15    1]
 [  13   25   26   43   47    6  295  132    2   17   31    7    6    4
     4    3    0    1    8    3  260    4    0    7    0    4    4   16]
 [  33   18   24   62   44   16  175  411   11   11   14    6    5   15
     3    3    0    6    4    0  236    5    0    2    2    1    1   21]
 [  26   11   14   22   44   14    7   12  112    8    7    6    2    4
     4    2    0   10    7    1   92   27    0    1    1    1    2    1]
 [  27   33   44   92   56   17   24   17   13  152   68   16    8    4
     9    6    1    6    3   11  194    7    0   14    1    5   43    6]
 [  43   32   91  194  115   23   57   17   15   66  368   36   10    8
     6    8    2   10    7    2  422    4    0   14    2    8   15   14]
 [  12   16   65   91   20    2   16    8    2   44   41  120   13    2
    12    0    1    3    2    2   95    2    0    4    0    1    2    3]
 [   6   16   18   39   13    6    6    5    0    9    9   10   49    3
     2    3    1    1    1    1   68    5    0    2    0    5    3    5]
 [  78   25    8   19   34    6   14   33    8    8   12    5    0  146
     1    8    0   32   17    2  137   13    0    2    1    0    1   27]
 [   9    8   17   26   20    8    9    5    2   13   13   16    5    0
   119    1    0    4    1    4   66    0    0    3    0    1    7    2]
 [ 123    8    3   18   37   28   11    4    7    8    5    2    0   15
     0 1072    3   32    8    0   53   15    2    3    5   15    2    3]
 [   3    0    5    1    6    3    1    1    1    4    1    1    2    0
     0    3    8    1    1    1    6    0    0    0    0    3    4    0]
 [ 115  123   10   26   62   24    9    7   10    9    7    4    1   48
     1   35    1  217   39    0  125   11    1    4    4    1    1    7]
 [ 136   13    5   15   53   18    8    7   19   12    7    2    3   17
     1   11    1   56  524    0   82    7    0    2    0    1    7    2]
 [   4    4    2   17   15    8    8    5    3   11    3    3    3    2
    14    0    1    3    2   21   36    2    0    1    1    0    4    1]
 [ 531  324  414  752 1028  252  382  401  144  320  519  112   61  149
    74   97   20  139  138   25 4658  106   11  129   18   23   60   76]
 [  65   23   14   35   84   42   22   15   42   19   17    5    0   18
     4   16    0   21    9    0  218  184    2    8    1    3    5    2]
 [  31    3    3    4   13    0    2    2    0    4    3    1    1    2
     0    5    1    7    0    0   39    7    6    1    1    0    1    0]
 [  39   24   28   76   98   18   33   19    6   31   59    5    4   11
     5    6    3   15    6    6  324    7    1   63    0   11    7   22]
 [  19    2    3    2   24   12    2    1    0    5    3    1    0    2
     0    8    0   19    3    1   38    2    1    2    9    0    2    2]
 [   5    5    7   17   12    8    6    4    4   25   12    3   13    0
     1   15    6    1    0    3   52    4    0    5    0   87   25    0]
 [  22   15   31   58   37   22    8    6    8   68   38   10    7    2
     9    6    7    4    3    4  181    5    0    9    1   41  140    2]
 [  47   22   26   46   35    7   32   37    7   21   24    7    3   33
     6    5    1    7    1    2  168    1    1    9    0    0    2  149]]
                precision    recall  f1-score   support

    admiration    0.41032   0.55800   0.47290      2181
     amusement    0.42333   0.58520   0.49128      1203
         anger    0.23787   0.35202   0.28390      1017
     annoyance    0.15653   0.23625   0.18830      1655
      approval    0.21446   0.26908   0.23868      2293
        caring    0.20473   0.24609   0.22351       703
     confusion    0.23047   0.30475   0.26246       968
     curiosity    0.31885   0.36404   0.33995      1129
        desire    0.22718   0.25571   0.24060       438
disappointment    0.14394   0.17332   0.15727       877
   disapproval    0.23927   0.23159   0.23537      1589
       disgust    0.24742   0.20725   0.22556       579
 embarrassment    0.20502   0.17133   0.18667       286
    excitement    0.24538   0.22920   0.23701       637
          fear    0.39016   0.33148   0.35843       359
     gratitude    0.74600   0.72335   0.73450      1482
         grief    0.12121   0.14286   0.13115        56
           joy    0.29088   0.24058   0.26335       902
          love    0.55864   0.51933   0.53826      1009
   nervousness    0.17073   0.12069   0.14141       174
       neutral    0.49506   0.42488   0.45729     10963
      optimism    0.36874   0.21053   0.26803       874
         pride    0.14634   0.04380   0.06742       137
   realization    0.17898   0.06796   0.09851       927
        relief    0.14754   0.05521   0.08036       163
       remorse    0.37991   0.27187   0.31694       320
       sadness    0.36269   0.18817   0.24779       744
      surprise    0.33634   0.21316   0.26095       699

      accuracy                        0.35997     34364
     macro avg    0.29279   0.27635   0.27671     34364
  weighted avg    0.37197   0.35997   0.36016     34364