Top Emotions Decision Tree Model
Best hyperparams: {'criterion': 'gini', 'max_depth': 50, 'min_samples_split': 8}
[[ 830   28    6    7   33    7    7    9    5    2    6    0    2   25
     2   43    1   30   82    0  978   20    2    1    2    0    0   53]
 [  25  641    4   11    7    7    6    5    7    1   10    4    1    0
     2   10    0   25    9    0  404    4    0    4    0    1    1   14]
 [  10   10  196   28    4    3    8    5    0    7    9   26    0    0
     1    4    1    2    6    0  683    2    0    0    1    3    1    7]
 [  23   36   73   28   14    1    3    7    4   12   14   19    3    0
     1   11    0    6   12    0 1359    6    0    2    1    1    5   14]
 [  99   45    6    7   89    9    9    3    5    6    8   10    1    3
     1   11    0   24   33    0 1889   17    0    4    2    5    1    6]
 [  23    6    4    8   10   33    2    1    2    3    2    0    0    3
     1    9    0    8    9    0  549   14    0    1    2    9    4    0]
 [  12   16    8    5    7    2   72   15    0    2   11    1    0    1
     4    2    0    2    5    0  789    2    0    2    0    3    1    6]
 [  13   18    8    8    4    1   14   89    4    0    3    4    1    5
     0    4    0    1    4    0  933    1    0    1    0    1    0   12]
 [  20    7    2    4    4    5    0    1   60    4    1    1    0    3
     2    2    0    3    4    0  286   28    0    0    0    0    1    0]
 [  16   14   12    6    1    4    3    2    3   18    9   11    0    1
     2    5    0    4    4    0  723    7    0    3    0    6   16    7]
 [  33   27   17   13   19    3    9    2    4   11   31    6    1    4
     0    4    0    2    9    0 1363    5    0    4    0   11    6    5]
 [   7    4   26   10    4    1    0    1    1    8    2   70    1    1
     0    0    0    1    3    0  434    2    0    1    1    0    0    1]
 [   3    7    4    5    2    2    0    1    0    7    1    2    3    2
     0    2    0    0    2    0  233    2    0    2    0    4    0    2]
 [  44   15    6    4    3    1    1    5    3    1    1    0    1   55
     0    8    0   20   21    0  402    9    0    0    1    0    2   34]
 [   0    5    5    1    3    0    1    1    0    1    3    3    0    0
    49    1    0    1    2    0  280    1    0    0    0    1    0    1]
 [  96    7    2    7   10    5    4    1    1    2    1    1    1    7
     0 1081    1   29    8    0  170   19    0    1    5   17    3    3]
 [   1    0    0    0    0    1    0    0    0    1    0    0    0    0
     0    3    0    2    1    0   41    0    0    0    0    4    2    0]
 [  65  104    6    9   22    5    6    3    6    2    4    1    0   23
     0   21    1  169   42    0  387   10    1    2    3    1    1    8]
 [  51    8    5    8   16    6    5    6    6    2    4    2    2    6
     0    5    0   10  559    0  301    3    0    2    1    0    0    1]
 [   1    2    0    1    0    4    0    1    0    0    0    1    0    0
     1    0    1    2    2    0  157    1    0    0    0    0    0    0]
 [ 216  206  106   49   65   32   37   42   24   28   38   23    5   19
    12   78    0   53  112    1 9675   50    1    8    2   27   18   36]
 [  42   14    2   10   11   15    4    5   28    4    2    3    0    8
     2   13    0   14    9    0  486  197    0    1    1    1    1    1]
 [   9    5    0    0    2    0    1    0    0    1    1    0    0    0
     0    1    0    9    0    0  106    2    0    0    0    0    0    0]
 [  20   13    8    5   10    3    1    2    1    4    5    2    2    4
     3    3    0    3    5    0  783    6    0   13    0    6    4   21]
 [  10    1    1    0    6    3    0    1    0    0    0    0    0    0
     0    6    0   14    1    0  115    1    0    0    3    0    0    1]
 [   3    4    1    2    5    4    3    4    3    3    5    0    5    0
     0   10    2    0    0    0  136    2    0    0    0  110   18    0]
 [   7   10    7    9    5    4    3    3    6   23    6    6    0    0
     1    6    2    3    2    1  506    6    0    0    0   48   79    1]
 [  19    9   11    4    1    1    2    9    2    5    4    3    0    7
     0    3    0    1    0    0  509    1    0    0    0    0    0  108]]
                precision    recall  f1-score   support

    admiration    0.48881   0.38056   0.42795      2181
     amusement    0.50792   0.53283   0.52008      1203
         anger    0.37262   0.19272   0.25405      1017
     annoyance    0.11245   0.01692   0.02941      1655
      approval    0.24930   0.03881   0.06717      2293
        caring    0.20370   0.04694   0.07630       703
     confusion    0.35821   0.07438   0.12318       968
     curiosity    0.39732   0.07883   0.13156      1129
        desire    0.34286   0.13699   0.19576       438
disappointment    0.11392   0.02052   0.03478       877
   disapproval    0.17127   0.01951   0.03503      1589
       disgust    0.35176   0.12090   0.17995       579
 embarrassment    0.10345   0.01049   0.01905       286
    excitement    0.31073   0.08634   0.13514       637
          fear    0.58333   0.13649   0.22122       359
     gratitude    0.80312   0.72942   0.76450      1482
         grief    0.00000   0.00000   0.00000        56
           joy    0.38584   0.18736   0.25224       902
          love    0.59091   0.55401   0.57187      1009
   nervousness    0.00000   0.00000   0.00000       174
       neutral    0.39207   0.88251   0.54293     10963
      optimism    0.47129   0.22540   0.30495       874
         pride    0.00000   0.00000   0.00000       137
   realization    0.25000   0.01402   0.02656       927
        relief    0.12000   0.01840   0.03191       163
       remorse    0.42471   0.34375   0.37997       320
       sadness    0.48171   0.10618   0.17401       744
      surprise    0.31579   0.15451   0.20749       699

      accuracy                        0.41491     34364
     macro avg    0.31797   0.18246   0.20382     34364
  weighted avg    0.37033   0.41491   0.33089     34364