[[ 825   29    6    7   37    6    7    9    5    2    6    0    2   26
     1   43    1   31   83    0  974   22    2    1    2    0    1   53]
 [  27  641    4   11    7    6    6    5    7    1   10    4    1    0
     1   10    0   26    9    0  405    4    0    3    0    1    0   14]
 [  10   10  199   29    4    3    8    5    0    6    9   26    0    0
     1    4    1    2    6    0  681    2    0    0    1    3    1    6]
 [  21   37   72   29   16    1    2    7    4   12   14   19    2    0
     1   11    0    6   11    0 1362    6    0    2    1    1    5   13]
 [  99   45    6    8   92    9    9    2    5    6    8   10    1    3
     1   11    0   24   33    0 1886   17    0    4    2    5    1    6]
 [  23    6    4    7   11   34    2    1    2    3    2    0    0    3
     1    9    0    8    9    0  549   14    0    1    2    8    4    0]
 [  12   17    8    5    7    2   72   14    0    2   11    1    0    1
     4    2    0    2    5    0  790    2    0    1    0    3    1    6]
 [  13   17    8    7    4    1   14   88    4    0    3    4    1    5
     0    4    0    1    4    0  935    1    0    1    0    1    0   13]
 [  20    7    2    4    5    5    0    1   59    4    1    3    0    3
     2    1    0    3    4    0  285   28    0    0    0    0    1    0]
 [  16   14   12    6    1    4    3    2    3   18    8   11    0    1
     2    5    0    4    4    0  724    7    0    3    0    6   16    7]
 [  33   27   17   13   19    3    9    2    4   11   31    6    1    4
     0    4    0    2    9    0 1363    5    0    4    0   11    6    5]
 [   7    4   25   10    4    1    0    1    1    8    2   71    1    1
     0    0    0    1    3    0  434    2    0    1    1    0    0    1]
 [   3    8    4    5    3    2    0    1    0    7    0    2    3    1
     0    2    0    0    2    0  233    2    0    2    0    4    0    2]
 [  43   16    6    4    3    1    2    5    3    1    1    0    1   54
     0    8    0   20   21    0  402    9    0    0    1    0    2   34]
 [   0    6    5    1    3    0    1    1    0    1    3    3    0    0
    49    1    0    1    2    0  279    1    0    0    0    1    0    1]
 [  97    7    2    7    9    5    4    1    1    2    2    1    1    7
     0 1078    1   31    7    0  171   19    0    1    5   17    3    3]
 [   1    0    0    0    0    1    0    0    0    1    0    0    0    0
     0    3    1    2    1    0   41    0    0    0    0    4    1    0]
 [  65  104    6   11   25    6    6    3    4    2    3    1    0   23
     0   21    1  167   42    0  385   11    1    2    3    1    1    8]
 [  53   10    5    7   16    6    6    8    5    3    5    2    2    8
     0    6    0   12  551    0  297    3    0    2    1    0    0    1]
 [   1    2    0    1    0    4    0    1    0    0    0    1    0    0
     1    0    1    2    2    0  157    1    0    0    0    0    0    0]
 [ 214  206  105   46   71   32   36   41   25   29   38   23    5   18
    12   78    0   52  113    1 9674   52    1    8    2   26   18   37]
 [  41   15    2   10   13   16    4    4   32    4    2    3    0    7
     2   13    0   15    9    0  483  194    0    1    1    1    1    1]
 [  10    5    0    1    2    0    1    0    0    1    1    0    0    0
     0    1    0    8    0    0  105    2    0    0    0    0    0    0]
 [  20   14    8    5   10    3    1    2    1    4    5    2    2    3
     3    3    0    3    5    0  783    6    0   13    0    6    4   21]
 [  10    1    1    0    6    3    0    1    0    0    0    0    0    0
     0    6    0   14    1    0  115    1    0    0    3    0    0    1]
 [   3    4    1    3    5    4    3    4    3    2    5    0    5    0
     0    9    2    0    0    0  133    2    0    0    0  111   21    0]
 [   7   10    7   10    7    4    4    1    6   23    5    6    0    0
     1    5    2    3    3    1  506    4    0    0    0   50   78    1]
 [  19    9   11    4    1    1    2    8    2    5    4    3    0    7
     0    3    0    1    0    0  509    1    0    0    0    0    0  109]]
                precision    recall  f1-score   support

    admiration       0.49      0.38      0.43      2181
     amusement       0.50      0.53      0.52      1203
         anger       0.38      0.20      0.26      1017
     annoyance       0.12      0.02      0.03      1655
      approval       0.24      0.04      0.07      2293
        caring       0.21      0.05      0.08       703
     confusion       0.36      0.07      0.12       968
     curiosity       0.40      0.08      0.13      1129
        desire       0.34      0.13      0.19       438
disappointment       0.11      0.02      0.03       877
   disapproval       0.17      0.02      0.04      1589
       disgust       0.35      0.12      0.18       579
 embarrassment       0.11      0.01      0.02       286
    excitement       0.31      0.08      0.13       637
          fear       0.60      0.14      0.22       359
     gratitude       0.80      0.73      0.76      1482
         grief       0.10      0.02      0.03        56
           joy       0.38      0.19      0.25       902
          love       0.59      0.55      0.57      1009
   nervousness       0.00      0.00      0.00       174
       neutral       0.39      0.88      0.54     10963
      optimism       0.46      0.22      0.30       874
         pride       0.00      0.00      0.00       137
   realization       0.26      0.01      0.03       927
        relief       0.12      0.02      0.03       163
       remorse       0.43      0.35      0.38       320
       sadness       0.47      0.10      0.17       744
      surprise       0.32      0.16      0.21       699

      accuracy                           0.41     34364
     macro avg       0.32      0.18      0.20     34364
  weighted avg       0.37      0.41      0.33     34364