Base Emotions Decision Tree Model# 
# Confusion Matrix
  1217     39     12     42    106     32     16     30     10     13     14      3      4     55      5     79      1     54     82      3    273     24     12      6      7      0      2     40
    55    698      9     48     31     10     14      8     13      7     19      2      4     14      0     11      0     49      9      4    163      4      0     13      0      1      3     14
    22     31    364    160     35      9     20     14      5     38     50     24      6      1      6      2      3      3      3      3    191      2      0      5      1      2      8      9
    45     68    189    392    108     22     37     43     11     73    111     53     17     14      8     11      3      9     13      9    371      8      0     13      1      4     12     10
   205     57     59    142    618     55     50     31     33     47     60     19     11     22      8     12      1     23     38      2    713     30      3     27      6      6      7      8
    38     13     20     49     85    175     14     11      5     18     20      1      1      7      3     10      1     11     11     10    159     15      1      3      2      4     15      1
    13     23     27     42     48      6    295    130      2     17     31      9      6      4      4      3      0      2      8      3    260      4      0      7      0      4      4     16
    37     18     26     60     43     17    173    413     12     10     14      6      4     15      3      3      0      5      4      0    236      4      0      3      2      1      1     19
    25     11     14     22     44     14      7     11    116      9      7      4      2      5      4      2      0     10      7      1     92     25      0      1      1      1      2      1
    29     33     44     91     59     17     25     17     13    153     67     17      8      4      9      5      1      3      3     11    195      6      0     14      1      5     41      6
    45     33     91    194    113     26     60     17     15     66    364     36     10      8      6      6      2      8      7      2    424      4      0     13      2      8     15     14
    12     16     66     89     22      2     14      9      2     47     42    117     13      3     12      0      1      3      1      2     95      2      0      4      0      1      2      2
     6     15     17     41     13      6      6      5      0      9      9     10     49      3      2      3      1      1      1      1     69      4      0      2      0      5      3      5
    78     25      9     19     36      8     14     31      8      7     12      5      0    147      1      8      0     33     17      2    134     13      0      2      1      0      1     26
     8      8     17     26     20      7      9      5      1     13     14     16      5      0    119      1      0      3      2      5     66      1      0      3      0      1      6      3
   121      8      3     19     37     28     11      3      6      9      5      2      0     14      0   1072      3     33      8      0     52     15      2      4      7     14      3      3
     3      0      5      1      4      3      3      1      1      4      1      1      2      0      0      3      8      1      1      1      6      0      0      0      0      3      4      0
   115    123     10     24     62     26      8      8     11      9      6      5      2     48      1     35      1    218     39      0    123     11      1      4      4      1      1      6
   137     14      5     15     53     18      8      7     19     12      6      3      4     15      1     11      0     54    528      0     83      6      0      2      0      1      5      2
     4      4      2     17     14      8      8      5      3     11      3      3      3      2     14      0      1      3      2     23     35      2      0      1      1      0      4      1
   531    328    413    747   1037    251    379    397    148    320    511    110     59    152     75     96     20    137    142     25   4660    105     11    129     19     23     60     78
    67     24     13     37     82     44     22     15     41     16     17      6      0     19      4     16      0     19      9      0    219    182      2      8      1      3      5      3
    31      3      3      3     12      3      2      2      0      4      3      1      1      2      0      5      1      7      0      0     38      7      6      1      1      0      1      0
    41     23     28     77    100     19     34     19      6     30     56      5      4     10      5      7      3     13      6      6    319      7      1     68      0     11      7     22
    18      4      3      2     24     12      2      1      0      5      3      1      0      2      0      8      0     17      3      0     40      2      1      2      9      0      2      2
     5      5      7     17     11      8      6      6      4     27     12      3     14      0      1     16      7      1      0      3     51      4      0      5      0     83     24      0
    22     15     33     57     37     21      8      6      8     69     38     10      7      2     10      7      7      3      3      4    182      5      0      8      1     39    140      2
    46     22     24     46     37      7     31     38      6     21     22      7      3     33      6      5      1      7      1      2    173      1      1      9      0      0      2    148
# ===================================
# 
                precision    recall  f1-score   support

    admiration    0.40894   0.55800   0.47198      2181
     amusement    0.42023   0.58022   0.48743      1203
         anger    0.24058   0.35792   0.28775      1017
     annoyance    0.15813   0.23686   0.18965      1655
      approval    0.21377   0.26952   0.23843      2293
        caring    0.20492   0.24893   0.22479       703
     confusion    0.23119   0.30475   0.26292       968
     curiosity    0.32190   0.36581   0.34245      1129
        desire    0.23246   0.26484   0.24760       438
disappointment    0.14380   0.17446   0.15765       877
   disapproval    0.23995   0.22907   0.23439      1589
       disgust    0.24426   0.20207   0.22117       579
 embarrassment    0.20502   0.17133   0.18667       286
    excitement    0.24459   0.23077   0.23748       637
          fear    0.38762   0.33148   0.35736       359
     gratitude    0.74600   0.72335   0.73450      1482
         grief    0.12121   0.14286   0.13115        56
           joy    0.29863   0.24169   0.26716       902
          love    0.55696   0.52329   0.53960      1009
   nervousness    0.18852   0.13218   0.15541       174
       neutral    0.49459   0.42507   0.45720     10963
      optimism    0.36917   0.20824   0.26628       874
         pride    0.14634   0.04380   0.06742       137
   realization    0.19048   0.07335   0.10592       927
        relief    0.13433   0.05521   0.07826       163
       remorse    0.37557   0.25938   0.30684       320
       sadness    0.36842   0.18817   0.24911       744
      surprise    0.33560   0.21173   0.25965       699

      accuracy                        0.36032     34364
     macro avg    0.29368   0.27694   0.27736     34364
  weighted avg    0.37243   0.36032   0.36046     34364
