Base Emotions Naive Bayes Model# 
# Confusion Matrix
   986      5      2      7     39      4      1      6      1      1      6      0      0      5      0     58      0     18     42      0    976      9      0      2      0      0      0     13
    43    365      3     16     15      0      2      0      2      1     10      0      0      0      0      9      0     11      4      0    711      0      0      4      0      0      1      6
     7      9    106     72     10      4      3      5      0      4     21      4      0      2      0      4      0      1      2      0    756      1      0      1      0      0      3      2
    18     13     46    124     32      4      5     12      0      6     35      7      2      4      2     16      0      1      3      0   1304      5      0      5      0      0      6      5
   109     16      3     16    215      8      6      8      0      2     35      3      0      3      1     11      0      2     13      0   1802     20      0     10      0      0      7      3
    13      0      2      9     13     32      2      4      0      3      5      0      0      0      0     12      0      3      3      0    580     16      0      1      0      0      4      1
     9      8      2     11     20      1     61     32      1      2     10      0      0      0      0      4      0      0      1      0    794      4      0      6      0      0      0      2
    20      3      2      6     14      3     22    126      0      1      7      0      0      0      0      5      0      1      2      0    908      1      0      2      0      0      1      5
     8      4      1      2      8      2      2      2     15      1      3      0      0      1      0      3      0      3      5      0    361     16      0      0      0      0      0      1
    14      8      4     21     16      1      4      0      1     29     11      3      0      1      0      5      0      2      1      0    725      6      0      7      0      0     15      3
    14     15      9     45     37      5     10      3      0      7    120      2      1      0      1     13      0      2      4      0   1279      3      0      5      0      1     10      3
    10      0     15     24      5      0      1      1      0      7      9     49      1      0      2      0      0      0      1      0    444      2      0      1      0      0      5      2
     4      3      1     18      5      0      2      2      0      0      4      0      5      0      0      2      0      2      0      0    231      2      1      1      0      0      2      1
    80      3      3      4     14      0      0      6      1      2      2      1      0     25      0      7      0     32     10      0    427     14      0      1      0      0      1      4
     9      4      3      5      6      1      0      2      0      3      5      3      0      0     10      1      0      0      0      0    302      1      0      0      0      0      1      3
    84      7      1      1     10      7      0      1      0      1      2      0      0      2      0    982      0     18      5      0    347      8      0      1      0      1      3      1
     0      0      0      0      1      0      0      0      0      0      0      0      0      0      0      2      0      0      0      0     50      0      0      0      0      0      3      0
    66     54      1      3     17      6      3      0      0      1      1      0      0      7      0     36      0    101     22      0    572      7      0      3      0      1      0      1
    82      4      1      1     14      1      0      2      0      0      1      0      0      1      0      6      0      7    358      0    527      1      0      1      0      0      2      0
     4      1      0      1      4      3      1      1      0      1      2      1      0      0      1      3      0      1      0      0    148      1      0      0      0      0      1      0
   275    102     83    156    253     50     59     97      7     41    174     16      1     27      4     92      1     43     58      0   9262     50      0     49      0      5     28     30
    35      4      1      2     16     12      4      5      2      0      7      0      0      2      1     14      0      8      2      0    617    139      0      1      0      0      1      1
    22      3      0      1      1      0      0      0      0      0      2      0      0      0      0      2      0      5      0      0     99      1      0      1      0      0      0      0
    15      6      1     15     21      1      4      4      0      1     16      2      0      0      0      1      0      4      3      0    791      3      0     28      0      0      1     10
    13      0      0      0      4      2      0      0      0      0      1      0      0      1      0     10      0      3      2      0    126      0      0      0      0      0      1      0
     3      1      0      8      3      1      0      0      0      3      1      0      0      0      0     18      0      0      1      0    251      0      1      1      0     13     15      0
     4      6      2     12      8      5      0      0      3     20     11      2      0      0      0      5      0      1      1      0    586      2      0      2      0      8     65      1
    31      3      6     11     10      0      3      8      0      3      2      0      0      3      1      5      0      3      0      0    542      0      0      8      0      0      0     60
# ===================================
# 
                precision    recall  f1-score   support

    admiration    0.49848   0.45209   0.47415      2181
     amusement    0.56414   0.30341   0.39459      1203
         anger    0.35570   0.10423   0.16122      1017
     annoyance    0.20981   0.07492   0.11042      1655
      approval    0.26510   0.09376   0.13853      2293
        caring    0.20915   0.04552   0.07477       703
     confusion    0.31282   0.06302   0.10490       968
     curiosity    0.38532   0.11160   0.17308      1129
        desire    0.45455   0.03425   0.06369       438
disappointment    0.20714   0.03307   0.05703       877
   disapproval    0.23857   0.07552   0.11472      1589
       disgust    0.52688   0.08463   0.14583       579
 embarrassment    0.50000   0.01748   0.03378       286
    excitement    0.29762   0.03925   0.06935       637
          fear    0.43478   0.02786   0.05236       359
     gratitude    0.74057   0.66262   0.69943      1482
         grief    0.00000   0.00000   0.00000        56
           joy    0.37132   0.11197   0.17206       902
          love    0.65930   0.35481   0.46134      1009
   nervousness    0.00000   0.00000   0.00000       174
       neutral    0.36296   0.84484   0.50777     10963
      optimism    0.44551   0.15904   0.23440       874
         pride    0.00000   0.00000   0.00000       137
   realization    0.19858   0.03020   0.05243       927
        relief    0.00000   0.00000   0.00000       163
       remorse    0.44828   0.04063   0.07450       320
       sadness    0.36932   0.08737   0.14130       744
      surprise    0.37975   0.08584   0.14002       699

      accuracy                        0.38633     34364
     macro avg    0.33699   0.14064   0.16613     34364
  weighted avg    0.37409   0.38633   0.30975     34364
