Base Emotions Multi-Layered Perceptron# 
# Confusion Matrix
   966     23      5     35     95     28     11     28     13      9     24      2      1     46      3     95      2     87    131      2    440     35     14     25     15      3      5     38
    35    509      9     45     37      8     15     10      9      9     27      3      4     10      2      8      0     99     18      3    282     11      0     22      1      3      9     15
     9     17    272    141     21     13     15     22      6     31     53     26      9      5      5      2      3      7      5      2    313      4      0      5      1      4     13     13
    23     34    101    307     90     19     23     46      7     57    144     45     23     10     14     13      5     19     14     12    550     16      1     34      2      3     24     19
   121     26     24     84    459     43     24     35     32     37     69     12     10     17      8     17      2     65     51      5    974     52      4     60     21     10     14     17
    15      3      9     19     52    134      4     12      7     17     29      0      4      6      5     12      2     21     16     10    257     25      0      9      4      8     20      3
     7     16      7     20     30      3    186    161      1      8     34      7      7      3      3      1      0      4      7      3    397      8      0     18      2      8      6     21
    19     10     12     22     21     10     65    469      3     10     22      5      3     13      5      6      0     14      6      1    361      5      0      8      2      3      4     30
     6      7      5     10     26     13      7     12     90      8      9      1      0      3      3      4      1     15      7      1    159     33      1      3      2      4      5      3
     9     11     20     61     39     11     13     20      8    129     72     14      7      1     11      8      1      6      4     11    294     14      1     30      3      9     62      8
    15     21     38    110     85     17     37     16      8     50    380     23      9      4      7      6      1      9     10      5    623     15      0     32      5     14     34     15
     6      7     34     77     18      0      4     10      2     39     40    102     16      3     11      0      2      5      1      4    173      4      0      7      2      2      5      5
     3      6      9     24      7      3      3      4      0      6     21      6     51      0      1      3      1      1      1      2     99      4      0     10      2      7      6      6
    50     10      6     11     17      3      7     31      3      7     10      3      0    112      0      5      0     57     28      2    207     20      1      8      5      1      0     33
     6      5     10     18      5      4      3      7      1      9     14     14      4      1    110      0      0      8      2     11    101      5      0      6      1      1     10      3
    91     10      1     19     22     20     10      6      1      5      3      0      0      8      0   1071      2     49     14      0     80     21      2      5     16     14      5      7
     0      0      3      1      0      0      0      0      0      3      2      2      2      0      0      2      3      2      1      1     15      1      0      2      0      7      8      1
    54     82      6     13     44     14      6     10      6      9      6      2      1     31      0     29      0    295     55      0    180     14      1     10     16      4      6      8
    56      7      2     10     34     10      4      9      6      5      9      1      0      6      0     11      0     69    609      0    131     11      0      4      3      2      7      3
     2      3      2      6      9      8      5      6      2      7      4      2      1      1      9      0      0      3      1     25     62      2      0      2      2      0      8      2
   249    157    199    430    628    155    220    396     98    220    458     63     53     80     55     95     16    197    169     35   6152    177     16    282     60     53    127    123
    34     12      4     20     68     30     13     19     26     13     21      3      1     13      4     16      0     25     13      0    289    212      1     17      5      4      8      3
    20      1      1      4     11      0      2      1      1      3      2      0      1      2      0      3      1     14      2      0     48      5      8      3      1      0      3      0
    16     10     16     41     65      7     21     21      6     21     51      2      6      7      3      5      0     15      9     10    399     13      0    114      7     16     18     28
     6      1      3      1     18      6      2      0      1      6      3      1      0      1      1     10      0     17      2      0     44      5      0      4     26      0      3      2
     0      4      1     15      6      4      5      2      4     17      7      2      9      0      1     16      2      0      2      4     54      4      0      7      0    116     34      4
    12      6      6     35     25     13      7      5      6     53     39      6      6      1      7      8      8      7      3      5    232      5      0     12      1     42    190      4
    32     12     13     26     20      6     17     43      2     15     23      7      2     20      6      4      1     14      3      3    225      4      0     24      2      1      6    168
# ===================================
# 
                precision    recall  f1-score   support

    admiration    0.51880   0.44292   0.47786      2181
     amusement    0.50396   0.42311   0.46001      1203
         anger    0.33252   0.26745   0.29646      1017
     annoyance    0.19128   0.18550   0.18834      1655
      approval    0.23514   0.20017   0.21625      2293
        caring    0.23024   0.19061   0.20856       703
     confusion    0.25514   0.19215   0.21921       968
     curiosity    0.33476   0.41541   0.37075      1129
        desire    0.25788   0.20548   0.22872       438
disappointment    0.16065   0.14709   0.15357       877
   disapproval    0.24112   0.23914   0.24013      1589
       disgust    0.28814   0.17617   0.21865       579
 embarrassment    0.22174   0.17832   0.19767       286
    excitement    0.27723   0.17582   0.21518       637
          fear    0.40146   0.30641   0.34755       359
     gratitude    0.73862   0.72267   0.73056      1482
         grief    0.05660   0.05357   0.05505        56
           joy    0.26246   0.32705   0.29121       902
          love    0.51436   0.60357   0.55540      1009
   nervousness    0.15924   0.14368   0.15106       174
       neutral    0.46815   0.56116   0.51045     10963
      optimism    0.29241   0.24256   0.26517       874
         pride    0.16000   0.05839   0.08556       137
   realization    0.14941   0.12298   0.13491       927
        relief    0.12560   0.15951   0.14054       163
       remorse    0.34218   0.36250   0.35205       320
       sadness    0.29688   0.25538   0.27457       744
      surprise    0.28866   0.24034   0.26230       699

      accuracy                        0.38601     34364
     macro avg    0.29659   0.27140   0.28028     34364
  weighted avg    0.37506   0.38601   0.37733     34364
