Base Sentiments Decision Tree Model# 
# Confusion Matrix
  1220     39     11     43    107     32     16     30     11     14     14      3      4     55      5     78      1     49     86      3    273     24     12      6      4      0      1     40
    53    702      9     50     33     11     12      8     13      8     19      4      4     14      0     11      0     48      9      4    159      4      0     11      0      1      2     14
    21     31    358    166     32     11     20     14      5     38     50     27      6      1      6      2      3      3      4      3    188      2      0      5      1      2      8     10
    46     69    191    396    109     22     38     42     10     71    109     54     17     14      8     11      3     10     13      9    367      6      0     13      1      4     12     10
   202     56     59    143    618     56     52     29     33     46     65     19     11     23      8     12      1     24     38      2    706     31      3     27      6      6      8      9
    38     13     20     48     86    173     14     11      5     18     21      0      1      7      3     10      1     11     11     10    161     15      1      3      2      4     15      1
    13     25     26     42     49      7    293    131      2     17     31      7      6      4      4      3      0      1      8      3    261      4      0      7      0      4      4     16
    34     18     27     60     42     16    174    412     11     12     15      6      4     15      3      3      0      6      4      0    237      4      0      2      2      1      1     20
    25     11     15     22     44     14      7     12    113      9      9      4      2      4      3      2      0     10      7      1     92     26      0      1      1      1      2      1
    27     33     44     92     57     18     25     17     13    152     69     16      9      4      9      6      1      4      3     11    191      8      0     14      1      5     42      6
    43     32     91    196    114     23     58     16     16     68    367     36     10      8      6      6      2      7      7      2    424      5      0     14      2      8     15     13
    12     16     65     91     22      2     14      9      2     46     41    118     13      3     10      0      1      3      2      2     95      2      0      4      0      1      2      3
     6     16     18     39     13      6      6      5      0      9      9     10     49      3      2      3      1      1      1      1     68      5      0      2      0      5      3      5
    79     25      9     19     35      6     14     32      8      7     12      5      0    146      1      8      0     32     17      2    137     13      0      2      1      0      0     27
     9      8     17     27     19      8      9      6      1     13     14     16      5      0    119      1      0      3      2      4     65      0      0      3      0      1      6      3
   124      8      3     18     36     29     11      4      6      9      6      2      0     15      0   1071      3     32      8      0     52     15      2      3      5     15      2      3
     3      0      5      1      6      3      1      1      1      4      1      1      2      0      0      3      8      1      1      1      6      0      0      0      0      3      4      0
   108    123     10     24     62     23      9      7     11      9      6      5      2     50      1     34      1    225     39      0    125     11      1      4      4      1      1      6
   139     15      5     15     52     18      8      7     19     12      6      2      3     16      0     12      0     54    526      0     84      6      0      2      0      1      5      2
     4      4      2     17     15      8      8      5      3     10      3      3      3      2     14      0      1      3      2     21     36      2      0      1      1      0      4      2
   531    329    415    745   1043    250    380    393    145    321    513    111     59    149     70     99     20    137    137     25   4669    105     11    129     17     23     62     75
    68     23     13     35     82     43     23     15     41     18     18      5      0     18      4     16      0     19      9      0    224    179      2      8      1      3      5      2
    32      3      3      3     12      1      2      2      0      4      3      1      1      2      0      5      1      8      0      0     37      7      6      1      1      0      2      0
    40     24     28     75    100     18     33     19      6     31     59      5      4     10      6      6      3     15      6      6    319      7      1     64      0     11      9     22
    19      4      3      3     24     12      2      1      0      5      3      1      0      2      0      8      0     17      3      0     38      2      1      2      9      0      2      2
     5      5      7     17     11      8      6      6      4     28     12      3     14      0      1     16      5      1      0      3     51      4      0      5      0     83     25      0
    22     14     30     58     37     23      8      7      7     69     38     11      7      2     11      7      7      4      3      4    182      5      0      8      1     38    139      2
    47     21     24     46     35      7     32     37      6     22     22      6      3     33      6      5      1      7      1      2    172      1      1      9      0      0      2    151
# ===================================
# 
              precision    recall  f1-score   support

   ambiguous    0.35680   0.49557   0.41489      3723
    negative    0.50705   0.59613   0.54800      7656
     neutral    0.49897   0.46456   0.48115     10963
    positive    0.70986   0.58959   0.64416     12022

    accuracy                        0.54097     34364
   macro avg    0.51817   0.53646   0.52205     34364
weighted avg    0.55915   0.54097   0.54589     34364
