Top Emotions Multi-Layered PerceptronBest hyperparams: {'activation': 'logistic', 'hidden_layer_sizes': (30, 50), 'solver': 'adam'}# 
# Confusion Matrix
  1168     30      6      3     10      0      0      4      0      0      1      1      0      0      0     54      0     32     82      0    758     14      0      0      0      1      2     15
    40    786      4      8      0      0      0      0      0      0      2      1      0      0      0     10      0     17     13      0    310      3      0      0      0      0      5      4
     3     17    271     27      0      0      0      2      0      0     10      1      0      0      0      3      0      3      9      0    657      3      0      0      0      0     10      1
    17     52    128     35      4      0      1     10      0      0     26      2      0      0      0     12      0      3     16      0   1314      7      0      0      0      4     19      5
   148     58     15     13     42      0      1      1      0      1     16      2      0      0      0     16      0     21     40      0   1879     24      0      0      0      6      8      2
    26      7      5      1      0      1      0      8      0      0      9      0      0      0      0     22      0      6     10      0    558     19      0      0      0     14     16      1
    11     16     14      4      0      0     17     29      0      0     14      0      0      0      0      5      0      3      5      0    838      1      0      0      0      3      5      3
    25     17      8      7      1      0      1    133      0      0      2      0      0      0      0      6      0      4      6      0    906      1      0      0      0      1      4      7
    14     11      0      0      2      0      0      0      0      1      2      0      0      0      0      6      0     10      6      0    340     42      0      0      0      1      2      1
    14     20     26     19      0      1      0      3      0      1      8      1      0      0      0      5      0      4      3      0    709      5      0      0      0      3     51      4
    24     28     37     13      2      1      0      1      0      0     52      5      0      0      0      7      0      3     11      0   1369      7      0      0      0      8     20      1
     2      8    134     28      0      0      0      1      0      1      7      8      0      0      0      1      0      1      1      0    373      1      0      0      0      1     12      0
     4      5     18      8      0      0      0      0      0      1      5      0      0      0      0      2      0      3      2      0    218      1      0      0      0      6     11      2
   112     14      6      0      3      0      0      5      0      0      1      0      0      0      0     14      0     42     24      0    393      8      0      0      0      0      7      8
     2      7     31     13      0      0      0      1      0      0      3      1      0      0      0      0      0      2      4      0    258      2      0      0      0      1     31      3
   101     10      0      0      2      1      2      1      0      0      1      0      0      0      0   1151      0     41     10      0    122     17      0      0      0     13     10      0
     1      0      1      1      0      0      0      0      0      0      0      0      0      0      0      1      0      2      1      0     38      1      0      0      0      5      5      0
    99    138      6      0      0      0      0      1      0      0      1      0      0      0      0     49      0    186     49      0    347     12      0      0      0      3      6      5
    66      8      4      0      2      0      0      0      0      0      0      0      0      0      0      4      0     14    642      0    261      3      0      0      0      1      4      0
     2      2      3      2      0      0      1      0      0      0      0      1      0      0      0      1      0      4      3      0    141      2      0      0      0      0     12      0
   281    252    168     59     14      3      7     67      0      0     60      6      0      0      0     85      0     65    141      0   9579     62      0      0      0     30     68     16
    55     16      1      4      2      1      1      2      0      0      5      1      0      0      0     30      0     12     12      0    510    215      0      0      0      2      4      1
    26      4      0      2      0      0      0      0      0      0      1      0      0      0      0      2      0      8      1      0     88      1      0      0      0      1      3      0
    18     18      9      5      2      1      0      4      0      0      6      0      0      0      0      1      0      6      7      0    812      5      0      0      0      8     14     11
    12      1      1      1      0      0      0      0      0      0      0      0      0      0      0     13      0     13      2      0    114      2      0      0      0      0      4      0
     1      5      4      3      0      0      2      1      0      0      3      0      0      0      0      4      0      2      1      0    109      1      0      0      0    135     49      0
     4     13     16      3      1      1      0      0      0      0      7      2      0      0      0      4      0      6      3      0    454      4      0      0      0     52    172      2
    41     10     17      3      3      0      1     20      0      0      4      0      0      0      0      5      0      8      3      0    510      0      0      0      0      0      6     68
# ===================================
# 
                precision    recall  f1-score   support

    admiration    0.50410   0.53553   0.51934      2181
     amusement    0.50612   0.65337   0.57039      1203
         anger    0.29046   0.26647   0.27795      1017
     annoyance    0.13359   0.02115   0.03652      1655
      approval    0.46667   0.01832   0.03525      2293
        caring    0.10000   0.00142   0.00281       703
     confusion    0.50000   0.01756   0.03393       968
     curiosity    0.45238   0.11780   0.18693      1129
        desire    0.00000   0.00000   0.00000       438
disappointment    0.20000   0.00114   0.00227       877
   disapproval    0.21138   0.03272   0.05668      1589
       disgust    0.25000   0.01382   0.02619       579
 embarrassment    0.00000   0.00000   0.00000       286
    excitement    0.00000   0.00000   0.00000       637
          fear    0.00000   0.00000   0.00000       359
     gratitude    0.76074   0.77665   0.76861      1482
         grief    0.00000   0.00000   0.00000        56
           joy    0.35701   0.20621   0.26142       902
          love    0.57995   0.63627   0.60681      1009
   nervousness    0.00000   0.00000   0.00000       174
       neutral    0.39971   0.87376   0.54850     10963
      optimism    0.46436   0.24600   0.32162       874
         pride    0.00000   0.00000   0.00000       137
   realization    0.00000   0.00000   0.00000       927
        relief    0.00000   0.00000   0.00000       163
       remorse    0.45151   0.42188   0.43619       320
       sadness    0.30714   0.23118   0.26380       744
      surprise    0.42500   0.09728   0.15832       699

      accuracy                        0.42667     34364
     macro avg    0.26286   0.18459   0.18263     34364
  weighted avg    0.36400   0.42667   0.32953     34364
