Top Emotions Naive Bayes ModelBest hyperparams: {'alpha': 0.5}# 
# Confusion Matrix
  1118     14      4     17     54     19      1     13      4      6     12      0      0     15      0     74      0     38     66      0    661     26      0      7      0      0      2     30
    51    527      5     21     22      5      2      5      2      2     20      4      0      5      0      9      0     27      6      0    471      2      0      5      0      0      3      9
    13     12    208     93     20     10      4      9      1     11     32     15      2      3      1      5      0      1      7      0    547      2      0      7      1      0      8      5
    37     38     84    186     52     13     13     21      4     25     63     22      4      7      5     21      0      5      8      0   1001      9      0      9      0      0     16     12
   134     35     13     48    290     26     20     23      4      8     60      8      1      4      4     19      0     13     25      0   1469     43      0     26      2      4     10      4
    15      1      3     14     25    102      6      4      2      8     15      0      0      2      1     19      0      7      4      0    432     24      0      4      0      3     11      1
     9      9      4     21     25      4    121     69      1      5     24      0      0      1      1      5      0      0      6      0    634      5      0     14      0      0      1      9
    26      8      5     18     19      8     39    221      1      6     13      2      1      3      0      6      0      2      7      0    719      4      0      5      0      0      2     14
     8      8      2      5     15     10      3      2     44      4      6      1      0      0      0      4      0      8      6      0    280     29      0      0      0      1      0      2
    22     16     10     34     23      6      6      6      6     67     29      5      0      4      4      9      0      4      2      0    555     10      0     14      0      1     39      5
    32     22     22     74     63     12     20      7      0     22    213     11      1      1      3     12      0      1      9      1   1006     10      0     14      1      4     21      7
    16      5     26     42      8      2      3      3      1     14     20     86      5      1      9      0      0      1      1      0    316      4      0      5      0      0      7      4
     8      5      2     28      7      1      2      3      0      4      4      1     21      1      1      5      0      2      1      0    176      3      1      4      0      1      3      2
    86      8      4      5     17      0      6     16      3      6      6      1      0     54      1      9      0     38     18      0    321     17      0      4      0      0      2     15
    10      5      4     14      5      6      2      5      0      4      5      8      1      0     33      1      0      3      1      1    236      2      0      2      0      1      6      4
    93     12      4      3     14      7      3      3      1      2      5      0      0      4      0   1082      0     27      9      0    182     16      0      3      0      4      6      2
     1      0      1      0      0      3      1      0      0      0      0      0      0      0      0      2      0      2      0      1     35      1      0      0      0      2      7      0
    91     81      2      9     24     14      4      4      1      2      4      1      1     12      0     45      0    157     37      0    389      9      0      3      1      1      3      7
    99      5      1      7     15      1      1      8      0      5      1      0      0      1      0     13      0     13    479      0    349      4      0      3      0      0      2      2
     5      1      1      4      6      7      1      1      0      1      4      3      0      0      4      3      0      1      1      0    124      2      0      0      0      0      5      0
   348    170    157    269    400    140    149    198     29    103    290     43     12     58     23    118      1     86    111      0   7869    120      6    123      2      9     70     59
    50      9      4      7     26     32      7      8      8      4     14      1      0      2      2     19      0     12      5      0    456    198      0      4      0      0      3      3
    27      3      1      4      4      1      1      0      0      2      2      0      0      0      0      4      0      5      1      0     76      2      1      3      0      0      0      0
    22     14      4     23     38      6     13     12      0     12     36      3      1      3      0      2      0      4      6      0    624     11      0     65      0      1      4     23
    17      1      0      2      8      6      1      0      0      0      3      0      0      1      0     13      0      4      2      0     99      1      0      2      1      0      1      1
     4      2      0      6      9      5      1      4      1     11      2      1      1      0      0     21      0      0      3      0    173      1      1      3      0     35     35      1
     8     11      6     16      9     10      0      1      5     35     18      4      0      0      1      8      0      3      3      0    441      7      0      6      0     18    130      4
    32      8     14     15     20      5      7     21      2      6      6      3      0      3      1      7      0      3      0      0    410      2      0     18      0      0      2    114
# ===================================
# 
                precision    recall  f1-score   support

    admiration    0.46935   0.51261   0.49003      2181
     amusement    0.51165   0.43807   0.47201      1203
         anger    0.35195   0.20452   0.25871      1017
     annoyance    0.18883   0.11239   0.14091      1655
      approval    0.23810   0.12647   0.16520      2293
        caring    0.22126   0.14509   0.17526       703
     confusion    0.27689   0.12500   0.17224       968
     curiosity    0.33133   0.19575   0.24610      1129
        desire    0.36667   0.10046   0.15771       438
disappointment    0.17867   0.07640   0.10703       877
   disapproval    0.23484   0.13405   0.17067      1589
       disgust    0.38565   0.14853   0.21446       579
 embarrassment    0.41176   0.07343   0.12463       286
    excitement    0.29189   0.08477   0.13139       637
          fear    0.35106   0.09192   0.14570       359
     gratitude    0.70489   0.73009   0.71727      1482
         grief    0.00000   0.00000   0.00000        56
           joy    0.33619   0.17406   0.22936       902
          love    0.58131   0.47473   0.52264      1009
   nervousness    0.00000   0.00000   0.00000       174
       neutral    0.39245   0.71778   0.50745     10963
      optimism    0.35106   0.22654   0.27538       874
         pride    0.11111   0.00730   0.01370       137
   realization    0.18414   0.07012   0.10156       927
        relief    0.12500   0.00613   0.01170       163
       remorse    0.41176   0.10938   0.17284       320
       sadness    0.32581   0.17473   0.22747       744
      surprise    0.33628   0.16309   0.21965       699

      accuracy                        0.39058     34364
     macro avg    0.30964   0.19369   0.22040     34364
  weighted avg    0.35956   0.39058   0.34590     34364
