Top Emotions Decision Tree ModelBest hyperparams: {'criterion': 'gini', 'max_depth': 50, 'min_samples_split': 8}# 
# Confusion Matrix
   832     28      6      7     36      6      8      9      5      2      5      0      3     24      1     43      1     31     83      0    974     20      2      1      2      0      0     52
    26    645      4     11      7      6      5      5      7      1     10      4      1      0      1     10      0     24     10      0    404      4      0      3      0      1      0     14
    10     11    193     31      4      3      8      5      0      6      9     26      0      0      1      4      1      2      6      0    683      2      0      0      1      3      1      7
    23     36     72     29     15      2      3      7      4     12     14     19      2      0      1     11      0      6     12      0   1359      5      0      2      1      1      5     14
    98     45      6      7     92      8      9      3      5      6      8     10      1      3      1     11      0     24     33      0   1888     17      0      4      2      5      1      6
    23      6      4      7     11     32      3      1      2      3      2      0      0      3      1      9      0      8      9      0    548     14      0      1      2     10      4      0
    12     17      8      5      7      2     72     14      0      2     11      1      0      1      4      2      0      2      5      0    790      2      0      1      0      3      1      6
    13     18      8      7      2      1     14     90      4      0      3      4      1      5      0      4      0      1      4      0    934      1      0      1      0      1      0     13
    20      7      2      5      6      5      0      1     58      4      3      1      0      3      2      1      0      3      4      0    286     26      0      0      0      0      1      0
    15     14     11      6      1      4      3      2      3     18      9     11      0      1      2      5      0      5      4      0    723      7      0      3      0      7     16      7
    33     27     17     13     19      3     10      2      3     11     31      6      1      4      0      4      0      2      9      0   1363      5      0      4      0     11      6      5
     7      5     20     13      4      1      0      1      1      8      2     71      1      1      0      0      0      1      3      0    435      2      0      1      1      0      0      1
     3      7      2      7      2      2      0      1      0      7      1      2      3      2      0      2      0      0      2      0    233      2      0      2      0      4      0      2
    43     16      6      4      3      1      3      5      3      1      1      0      1     54      0      8      0     20     20      0    402      9      0      0      1      0      2     34
     0      5      5      1      3      0      1      1      1      1      3      3      0      0     48      1      0      1      2      0    280      1      0      0      0      1      0      1
    97      7      2      7      9      7      4      1      1      2      1      1      1      7      0   1081      1     29      8      0    170     17      0      1      5     16      4      3
     1      0      0      0      0      1      0      0      0      1      0      0      0      0      0      3      1      2      1      0     41      0      0      0      0      4      1      0
    62    104      6     11     23      6      5      3      6      2      4      1      1     25      0     21      1    170     42      0    384      9      1      2      3      1      1      8
    52     10      5      7     16      6      5      6      8      4      6      2      2      8      0      6      0      9    552      0    298      3      0      2      1      0      0      1
     1      2      0      1      0      4      0      1      0      0      0      1      0      0      1      0      1      2      2      0    157      1      0      0      0      0      0      0
   216    208    102     50     72     30     36     41     25     28     39     24      5     19     12     79      0     53    111      1   9670     51      1      8      2     27     17     36
    42     14      2      9     13     16      4      4     31      4      1      3      0      7      2     12      0     14      9      0    485    197      0      1      1      1      1      1
    10      5      0      1      2      0      1      0      0      1      1      0      0      0      0      1      0      8      0      0    105      2      0      0      0      0      0      0
    19     13      8      5     10      3      1      2      1      4      5      2      2      4      3      3      0      3      5      0    783      6      0     13      0      6      5     21
    10      1      1      0      6      3      0      1      0      0      0      0      0      0      0      6      0     14      1      0    115      1      0      0      3      0      0      1
     3      3      1      2      5      4      3      4      3      3      5      0      5      0      0      9      2      0      0      0    131      3      0      0      0    114     20      0
     7     10      6     12      6      4      3      2      7     23      5      7      0      0      0      5      2      3      3      1    504      5      0      0      0     48     80      1
    17      9     11      4      1      1      3      8      2      5      3      3      0      9      0      3      0      1      0      0    508      1      0      0      0      0      0    110
# ===================================
# 
                precision    recall  f1-score   support

    admiration    0.49086   0.38148   0.42931      2181
     amusement    0.50668   0.53616   0.52100      1203
         anger    0.37992   0.18977   0.25311      1017
     annoyance    0.11069   0.01752   0.03026      1655
      approval    0.24533   0.04012   0.06897      2293
        caring    0.19876   0.04552   0.07407       703
     confusion    0.35294   0.07438   0.12287       968
     curiosity    0.40909   0.07972   0.13343      1129
        desire    0.32222   0.13242   0.18770       438
disappointment    0.11321   0.02052   0.03475       877
   disapproval    0.17033   0.01951   0.03501      1589
       disgust    0.35149   0.12263   0.18182       579
 embarrassment    0.10000   0.01049   0.01899       286
    excitement    0.30000   0.08477   0.13219       637
          fear    0.60000   0.13370   0.21868       359
     gratitude    0.80432   0.72942   0.76504      1482
         grief    0.10000   0.01786   0.03030        56
           joy    0.38813   0.18847   0.25373       902
          love    0.58723   0.54708   0.56644      1009
   nervousness    0.00000   0.00000   0.00000       174
       neutral    0.39224   0.88206   0.54301     10963
      optimism    0.47700   0.22540   0.30614       874
         pride    0.00000   0.00000   0.00000       137
   realization    0.26000   0.01402   0.02661       927
        relief    0.12000   0.01840   0.03191       163
       remorse    0.43182   0.35625   0.39041       320
       sadness    0.48193   0.10753   0.17582       744
      surprise    0.31977   0.15737   0.21093       699

      accuracy                        0.41494     34364
     macro avg    0.32193   0.18331   0.20509     34364
  weighted avg    0.37083   0.41494   0.33121     34364
