Base Sentiments Multi-Layered Perceptron# 
# Confusion Matrix
  1159     23      3     14     69     20      5     19     13      3     11      4      1     44      4     64      0     42    101      1    489     27     11     10      1      0      5     38
    34    646      5     22     24      5      7      5      6      2     18      2      2      6      2     11      0     47      9      0    322      3      0      7      0      1      3     14
    13     16    312    102     19     11      6     10      3     16     40     40      4      3      9      3      0      4      5      0    374      2      0      5      1      1      7     11
    31     43    109    233     54     10     27     29     10     29     87     50     12     10     12     13      0      7     12      4    800     13      0     18      1      2     25     14
   136     35     18     46    354     34     21     26     18     16     62     19      3     14      7     13      0     29     53      2   1271     42      1     39      4      9     12      9
    21      3      8     16     31    137      5      6      1     10     15      1      2      4      3     12      0     10     13      7    335     24      0      7      0     13     15      4
    11     17      7     14     17      3    174    111      1      7     27      7      0      3      6      3      0      4      8      2    494      9      0     18      0      3      3     19
    21     16      7     20     19      9     57    332      3      7     12      4      4     15      5      6      0      3      9      0    537      4      0      3      2      3      1     30
    12      7      2      4     17     11      4      4    113      4      9      1      0      2      3      3      0      8      7      0    185     36      0      2      0      2      1      1
    14     18     19     39     17      8      7      9      5    100     36     16      5      3     11      6      0      3      5      8    444     11      0     17      1     10     52     13
    26     25     36     82     44     10     25     11      2     30    281     25      2      3     11      6      0      3     12      0    860     18      0     18      2      9     31     17
     4      6     43     36     13      2      7      6      1     24     24    133      8      1     15      1      0      2      1      0    232      2      1      4      1      1      4      7
     5     10      4     20      9      2      3      1      0      8      5      8     44      2      3      2      0      2      2      0    136      2      0      2      0      8      2      6
    78     10      8      8     16      1      9     13      3      5      3      2      0    131      0      5      0     26     23      0    237     12      0      4      1      0      3     39
     3      4      8     10      3      3      3      3      0      3      3     11      1      0    141      0      0      1      2      3    140      4      0      3      0      1      5      4
    98      7      1      5     17     19      9      3      0      0      3      1      0     15      0   1108      0     37     12      0    103     14      1      3      2     11     10      3
     0      0      3      0      0      2      1      0      0      1      1      0      1      0      0      2      1      2      1      0     27      0      0      1      0      3     10      0
    77    109      6      7     26     15      5      7      4      4      2      4      1     41      1     33      0    222     53      0    247     13      2      7      4      1      3      8
    70      4      0      1     17      5      0      3      7      4      2      3      1      6      0      8      0     24    637      0    195      7      1      4      0      1      8      1
     4      2      0      3      3      5      2      6      2      4      6      3      2      1      7      0      0      2      1     21     86      5      0      1      0      0      7      1
   291    194    204    268    407    135    185    267     75    121    326     78     21     93     60     81      2     90    156      7   7395    125      6    155      7     38     83     93
    38     12      7      9     35     34      9     12     19      6     12      2      0     12      2     15      0     13     14      0    350    250      1      7      1      2      8      4
    23      1      3      0      9      0      0      0      0      2      2      0      0      1      0      2      0     11      1      0     60      4     11      2      0      1      3      1
    17     11     11     27     37      8     16      9      2     15     37      3      2      5      6      3      0      3      9      1    537     13      0    103      1     10     10     31
    11      0      1      0     10      8      1      0      0      1      1      1      0      1      1     12      0     19      4      1     75      4      0      3      5      0      3      1
     1      2      1      8      9      6      0      3      3      9      2      2      3      0      3     12      0      0      2      1     78      1      0      4      0    131     39      0
     8      6     10     20     11     10      2      2     10     45     18      8      1      1      9      7      1      5      5      0    312      6      0      5      0     45    193      4
    30      7     10     21     15      4      9     29      2      8     10      9      0     21      5      4      0      5      1      0    308      3      0     12      1      0      2    183
# ===================================
# 
              precision    recall  f1-score   support

   ambiguous    0.41994   0.34730   0.38018      3723
    negative    0.54469   0.56518   0.55474      7656
     neutral    0.49078   0.54155   0.51492     10963
    positive    0.70180   0.65638   0.67833     12022

    accuracy                        0.56594     34364
   macro avg    0.53930   0.52760   0.53204     34364
weighted avg    0.56894   0.56594   0.56636     34364
