Base Emotions Multi-Layered Perceptron# 
# Confusion Matrix
  1188     24      2     15     64     14      6     20     12      3      8      4      1     33      4     53      0     50     97      1    476     43     10      7      2      0      4     40
    39    653      4     24     20      5      4      7      6      4     17      1      2      3      1      9      0     55      9      0    312      4      0      7      0      1      3     13
    11     17    297    116     20      9      8     10      2     18     40     41      3      3      8      3      0      4      6      0    378      2      0      4      1      1      5     10
    30     44    105    245     50      8     24     31      9     36     81     45     13      9     14     14      0      8     12      5    796     17      0     15      0      4     23     17
   153     37     15     51    355     30     17     30     19     15     56     19      6     11      5     12      0     32     51      1   1253     54      1     38      4     10      8     10
    24      3     10     21     29    126      3      8      1     12     11      1      2      5      3     10      0     11     11      5    329     37      0      8      0     13     16      4
    12     15      8     14     20      2    157    114      1      6     26      7      0      2      6      4      0      5      7      1    505     13      0     16      0      3      4     20
    22     17     10     18     19      9     51    337      0      5     11      4      4     13      3      6      1      3      9      0    538      5      0      5      2      3      1     33
     9      7      2      5     17      9      3      5    113      3      6      1      0      2      2      3      0      7      9      0    186     42      0      3      0      2      1      1
    15     18     18     43     19      8      6     10      7    114     33     16      6      1     10      5      0      4      7      6    430     12      0     16      1     11     52      9
    25     27     31     82     54      7     23     11      4     38    272     28      2      4     10      6      0      4     12      0    851     24      0     12      2     10     35     15
     3      5     36     38     15      3      7      7      1     24     23    142     11      1     14      1      0      2      1      0    230      3      1      2      0      1      4      4
     4      9      4     23     10      2      3      1      0      6      4      5     52      1      2      2      0      2      2      1    128      2      0      4      0      9      3      7
    77      9      5     10     12      0      6     15      5      5      5      2      0    127      1      6      0     30     23      1    237     16      0      3      1      0      4     37
     4      5      7     10      2      2      2      4      0      3      3     12      3      0    141      0      0      3      2      3    136      4      0      3      0      1      5      4
   117      7      3      6     17     14      7      4      0      0      4      1      1     15      0   1093      0     40     11      0     92     16      1      4      3     14      9      3
     0      0      2      1      0      2      1      0      0      0      0      0      2      0      0      2      1      3      1      0     28      1      0      1      0      4      7      0
    84    105      6      7     23      9      4      6      4      4      2      3      0     36      2     29      0    252     53      0    234     15      2      6      2      1      4      9
    77      5      0      1     12      5      0      3      8      5      2      2      1      4      0      6      0     26    634      0    196      8      1      5      0      1      6      1
     4      3      0      3      3      5      2      6      3      4      5      3      3      1      9      0      0      1      1     18     86      5      0      1      0      0      7      1
   321    203    189    298    398    130    181    270     75    131    311     81     25     77     57     80      3    104    151      8   7328    161      6    141      8     39     86    101
    40     13      6      3     30     24     11     11     18      9     12      2      0     11      2     12      0     13     12      0    341    284      0      6      1      2      7      4
    24      1      4      0      5      0      1      0      0      4      2      0      0      1      0      0      0     12      2      0     57      8     11      2      0      1      2      0
    20     11      9     26     39      6     18     11      2     19     35      3      2      5      6      2      0      7      7      1    538     15      0     94      0     11      7     33
    14      0      1      0     10      6      0      0      0      2      1      1      0      0      1     10      0     21      3      0     75      6      0      2      6      0      3      1
     1      2      1      5      9      4      0      4      3     10      3      3      5      0      3     14      0      0      1      1     73      1      0      4      0    136     37      0
     9      6     10     23     14      9      3      1      9     54     14      8      1      1      8      5      2      5      4      0    303      7      0      4      0     52    189      3
    34      7     12     21     14      4     11     25      1     12      9      7      0     18      6      3      1      6      1      0    303      1      0     12      0      0      3    188
# ===================================
# 
                precision    recall  f1-score   support

    admiration    0.50318   0.54470   0.52312      2181
     amusement    0.52115   0.54281   0.53176      1203
         anger    0.37265   0.29204   0.32745      1017
     annoyance    0.22092   0.14804   0.17728      1655
      approval    0.27734   0.15482   0.19871      2293
        caring    0.27876   0.17923   0.21818       703
     confusion    0.28086   0.16219   0.20563       968
     curiosity    0.35436   0.29849   0.32404      1129
        desire    0.37294   0.25799   0.30499       438
disappointment    0.20879   0.12999   0.16022       877
   disapproval    0.27309   0.17118   0.21044      1589
       disgust    0.32127   0.24525   0.27816       579
 embarrassment    0.35862   0.18182   0.24130       286
    excitement    0.33073   0.19937   0.24878       637
          fear    0.44340   0.39276   0.41654       359
     gratitude    0.78633   0.73752   0.76114      1482
         grief    0.12500   0.01786   0.03125        56
           joy    0.35493   0.27938   0.31266       902
          love    0.55663   0.62834   0.59032      1009
   nervousness    0.34615   0.10345   0.15929       174
       neutral    0.44577   0.66843   0.53485     10963
      optimism    0.35236   0.32494   0.33810       874
         pride    0.33333   0.08029   0.12941       137
   realization    0.22118   0.10140   0.13905       927
        relief    0.18182   0.03681   0.06122       163
       remorse    0.41212   0.42500   0.41846       320
       sadness    0.35327   0.25403   0.29554       744
      surprise    0.33099   0.26896   0.29676       699

      accuracy                        0.42350     34364
     macro avg    0.35421   0.27954   0.30124     34364
  weighted avg    0.39656   0.42350   0.39691     34364
