Base Sentiments Decision Tree Model# 
# Confusion Matrix
  1217     41     10     43    116     31     15     32     10     19     17      2      3     54      4     78      1     50     83      3    264     27     12      7      4      1      2     35
    59    698      9     48     33     10     13      8     13      7     20      2      4     16      0     12      0     47      5      3    165      3      0     11      0      1      2     14
    23     29    364    166     31     10     20     16      5     38     50     27      6      1      6      2      2      5      5      3    182      2      0      5      1      2      8      8
    49     74    191    398    114     22     39     43     10     69    110     54     17     11      8     11      3     10     11      9    356      7      0     13      1      3     13      9
   202     57     55    140    615     58     53     34     33     46     64     20     10     20     10     12      1     27     38      2    708     30      4     27      6      6      7      8
    40     14     21     48     85    171     15     14      6     18     20      1      1      7      4     12      1     11     12     10    151     13      0      5      2      5     15      1
    14     25     24     45     48      7    295    128      2     18     29      7      6      4      5      3      0      1      7      3    261      5      0      7      0      4      4     16
    34     20     27     60     42     19    170    418     12     10     15      6      6     16      3      3      0      5      3      2    228      5      0      2      2      1      1     19
    26     11     14     22     43     14      7     10    115      8      8      4      2      5      3      2      0     10      7      1     95     24      0      1      1      1      2      2
    27     29     44     91     59     16     26     17     13    152     68     17      7      4     10      6      1      4      2     11    197      6      0     16      1      6     41      6
    43     33     91    191    119     29     61     17     15     64    368     38     13      8      6      5      2      7      6      2    412      6      0     12      2      7     19     13
    16     16     64     89     23      2     13      9      2     43     39    118     14      2     10      0      1      2      2      2     98      3      0      4      0      1      4      2
     6     15     17     41     13      6      6      5      0      9      9     10     49      3      2      3      1      2      1      1     68      5      0      2      0      4      3      5
    76     23     10     21     34      6     16     34      8      8     12      5      0    144      1      9      0     33     15      1    136     15      0      2      1      0      0     27
    11      8     20     26     17      7      9      9      2     11     13     16      5      0    116      0      0      1      2      5     70      0      0      3      0      1      5      2
   130      8      3     17     34     27     12      3      6      7      4      2      0     16      0   1067      3     33      8      0     57     16      2      3      5     13      4      2
     3      0      5      3      4      3      1      1      1      4      1      1      2      0      0      3      8      1      1      1      6      0      0      0      0      3      4      0
   112    123     10     21     61     24      8      7     10     10      6      4      1     48      1     37      1    224     41      0    125     10      1      4      4      1      1      7
   138     17      4     18     55     17      8      8     19     12      6      2      3     14      0     12      0     54    524      0     80      8      0      2      0      1      6      1
     5      4      2     17     15      8      7      6      3     10      3      3      3      2     14      0      1      3      1     21     36      2      0      2      1      0      4      1
   548    323    409    757   1026    258    376    397    143    319    526    112     61    145     73     91     21    139    134     26   4655    107     13    129     17     24     60     74
    67     24     12     36     81     44     25     15     44     15     16      5      0     18      4     15      0     20      9      0    225    178      1      8      1      2      7      2
    32      2      4      3     12      1      2      1      0      4      5      0      1      2      0      5      1      8      0      0     38      7      6      1      1      0      1      0
    39     24     27     79     99     18     33     22      6     29     59      5      5      8      5      6      3     13      7      7    316      8      1     67      0     11      6     24
    18      2      3      2     25     12      2      1      1      5      3      1      0      2      0      8      0     17      3      0     40      2      1      2      9      0      2      2
     7      4      6     20     14      9      7      5      4     25     12      3     13      2      1     14      5      1      0      3     45      4      0      5      0     90     21      0
    23     13     29     55     42     23      8      6      7     70     38     12      8      3     10      6      7      4      2      4    175      5      0      8      1     38    145      2
    49     21     25     46     36      8     31     38      6     23     20      6      4     32      6      5      1      8      1      2    173      1      1      9      0      0      2    145
# ===================================
# 
              precision    recall  f1-score   support

   ambiguous    0.35625   0.49557   0.41451      3723
    negative    0.50733   0.59666   0.54838      7656
     neutral    0.50025   0.46538   0.48219     10963
    positive    0.70948   0.58909   0.64370     12022

    accuracy                        0.54118     34364
   macro avg    0.51832   0.53667   0.52219     34364
weighted avg    0.55942   0.54118   0.54611     34364
