Base Emotions Decision Tree Model# 
# Confusion Matrix
  1220     41     13     40    110     32     14     32     10     16     18      4      4     53      5     77      1     49     83      3    271     25     12      6      4      1      1     36
    59    695     10     47     32     10     12      9     14      7     21      2      5     16      0     13      0     46      7      3    164      3      0     11      0      1      2     14
    22     28    364    165     31      8     21     15      5     39     49     28      6      1      6      2      2      5      5      3    183      2      0      6      1      3      8      9
    50     68    191    399    113     22     39     43     10     71    108     54     17     11      8     11      3     11     11      9    360      7      0     13      1      3     13      9
   199     56     55    143    612     57     51     33     34     47     66     19      9     23     10     11      1     29     38      2    708     31      4     28      6      6      7      8
    40     13     21     50     83    170     15     15      6     19     20      0      1      7      4     12      1     11     12     10    152     13      0      4      2      6     15      1
    14     22     24     47     45      7    295    127      3     17     29      7      6      4      6      2      0      1      7      3    264      5      0      9      0      4      4     16
    32     20     27     60     42     20    172    415     12     10     15      6      5     17      3      3      0      5      4      0    231      4      0      3      2      1      1     19
    26     11     14     22     43     14      7     10    116      8      8      4      2      5      3      2      0     10      7      1     94     24      0      1      1      1      2      2
    27     29     44     92     57     15     25     16     13    152     68     18      7      4     10      6      1      5      2     11    198      6      0     14      1      7     41      8
    42     31     91    193    117     28     60     17     15     64    366     38     13      8      6      6      2      8      6      2    417      5      0     12      2      9     18     13
    13     16     64     91     22      2     16      9      2     43     39    116     14      2     10      0      1      3      2      2     99      2      0      4      0      1      4      2
     7     15     16     41     14      6      6      5      0     10      9     10     49      3      2      3      1      1      1      1     67      5      0      2      0      4      3      5
    77     21     10     21     39      6     16     34      8      8     13      5      0    143      1      9      0     33     15      1    134     13      0      2      1      0      0     27
    14      8     19     26     16      7      9      6      2     10     13     16      5      0    117      0      0      1      2      5     72      0      0      3      0      1      5      2
   129      8      3     19     33     26     11      4      7      7      4      2      0     15      0   1067      3     33      8      0     57     17      2      3      5     13      3      3
     3      0      5      3      4      3      1      1      1      4      1      1      2      0      0      3      8      1      1      1      6      0      0      0      0      3      4      0
   111    120      9     23     61     26     10      7     10     10      7      4      1     48      1     36      1    221     42      1    125     10      1      5      4      1      1      6
   140     14      6     15     55     18      8      7     22     12      6      2      3     14      2     12      0     53    520      0     83      8      0      2      0      1      5      1
     5      6      2     17     14      8      8      5      3     10      3      3      3      2     14      0      1      3      1     21     35      2      0      2      1      0      4      1
   537    317    413    754   1021    262    379    393    149    324    521    113     59    146     72     92     19    140    140     26   4647    114     14    134     17     25     60     75
    69     22     12     37     80     44     23     16     43     15     18      5      0     18      4     15      0     19      9      0    228    176      1      8      1      2      7      2
    32      2      3      3     12      1      2      1      0      4      6      0      1      2      0      5      1      8      0      0     38      7      6      1      1      0      1      0
    39     23     31     78     97     18     34     19      6     29     60      5      6     10      5      6      3     13      7      6    316      8      1     67      0     10      6     24
    18      2      3      2     24     12      2      1      1      5      3      1      1      2      0      8      0     17      3      0     40      2      1      2      9      0      2      2
     6      4      7     20     13      9      7      5      4     25     12      3     13      2      1     15      5      1      0      3     44      4      0      5      0     91     21      0
    21     14     29     54     42     23      9      7      7     68     38     12      8      2     10      5      7      4      2      4    179      5      0      8      1     37    146      2
    48     22     25     46     37      8     32     37      6     23     18      6      4     33      6      5      1      8      1      2    174      1      1     10      0      0      2    143
# ===================================
# 
                precision    recall  f1-score   support

    admiration    0.40667   0.55938   0.47095      2181
     amusement    0.42690   0.57772   0.49099      1203
         anger    0.24090   0.35792   0.28797      1017
     annoyance    0.15909   0.24109   0.19169      1655
      approval    0.21331   0.26690   0.23712      2293
        caring    0.19722   0.24182   0.21725       703
     confusion    0.22975   0.30475   0.26199       968
     curiosity    0.32196   0.36758   0.34326      1129
        desire    0.22790   0.26484   0.24498       438
disappointment    0.14380   0.17332   0.15719       877
   disapproval    0.23782   0.23033   0.23402      1589
       disgust    0.23967   0.20035   0.21825       579
 embarrassment    0.20082   0.17133   0.18491       286
    excitement    0.24196   0.22449   0.23290       637
          fear    0.38235   0.32591   0.35188       359
     gratitude    0.74825   0.71997   0.73384      1482
         grief    0.12903   0.14286   0.13559        56
           joy    0.29905   0.24501   0.26935       902
          love    0.55556   0.51536   0.53470      1009
   nervousness    0.17500   0.12069   0.14286       174
       neutral    0.49510   0.42388   0.45673     10963
      optimism    0.35271   0.20137   0.25637       874
         pride    0.13953   0.04380   0.06667       137
   realization    0.18356   0.07228   0.10372       927
        relief    0.15000   0.05521   0.08072       163
       remorse    0.39394   0.28437   0.33031       320
       sadness    0.37824   0.19624   0.25841       744
      surprise    0.33256   0.20458   0.25332       699

      accuracy                        0.35942     34364
     macro avg    0.29295   0.27619   0.27671     34364
  weighted avg    0.37191   0.35942   0.35978     34364
