Base Emotions Naive Bayes Model# 
# Confusion Matrix
   263      0      0      1      1      0      0      0      0      0      0      0      0      0      0     15      0      2      3      0   1896      0      0      0      0      0      0      0
     9     33      0      1      0      0      0      0      0      0      0      0      0      0      0      2      0      0      0      0   1158      0      0      0      0      0      0      0
     1      0     11      2      0      0      0      0      0      0      0      0      0      0      0      3      0      0      0      0   1000      0      0      0      0      0      0      0
     1      0      4      4      1      0      0      0      0      0      0      1      0      0      0      0      0      0      0      0   1644      0      0      0      0      0      0      0
    15      0      0      0     23      0      0      0      0      0      0      0      0      0      0      1      0      0      4      0   2250      0      0      0      0      0      0      0
     1      0      0      0      0      1      0      0      0      0      0      0      0      0      0      1      0      0      0      0    700      0      0      0      0      0      0      0
     0      0      0      0      1      0      1      0      0      0      0      0      0      0      0      1      0      0      0      0    965      0      0      0      0      0      0      0
     1      0      0      0      0      0      0      4      0      0      0      0      0      0      0      3      0      0      0      0   1121      0      0      0      0      0      0      0
     1      0      0      1      0      0      0      0      0      0      0      0      0      0      0      1      0      0      1      0    434      0      0      0      0      0      0      0
     1      0      0      1      1      0      0      0      0      2      0      0      0      0      0      0      0      0      0      0    872      0      0      0      0      0      0      0
     1      0      1      1      1      0      0      0      0      0      1      0      0      0      0      1      0      0      0      0   1583      0      0      0      0      0      0      0
     0      0      1      1      0      0      0      0      0      0      0      3      0      0      0      0      0      0      0      0    574      0      0      0      0      0      0      0
     0      0      0      0      0      0      0      0      0      0      0      0      0      0      0      0      0      0      0      0    286      0      0      0      0      0      0      0
    17      0      0      0      0      0      0      0      0      0      0      0      0      1      0      0      0      6      0      0    613      0      0      0      0      0      0      0
     0      0      0      0      0      0      0      0      0      0      0      0      0      0      0      0      0      0      0      0    359      0      0      0      0      0      0      0
    26      0      0      0      0      1      0      0      0      0      0      0      0      0      0    424      0      2      0      0   1029      0      0      0      0      0      0      0
     0      0      0      0      0      0      0      0      0      0      0      0      0      0      0      0      0      0      0      0     56      0      0      0      0      0      0      0
     9      2      0      0      3      0      0      0      0      0      0      0      0      0      0      6      0      9      4      0    869      0      0      0      0      0      0      0
    10      0      0      0      1      0      0      0      0      0      0      0      0      0      0      1      0      1     49      0    946      0      0      0      0      0      1      0
     0      0      0      0      0      0      1      0      0      0      0      0      0      0      0      0      0      0      0      0    173      0      0      0      0      0      0      0
    23      2      5      4     12      1      0      1      0      0      6      1      0      0      0     14      0      3      2      0  10888      0      0      0      0      0      0      1
     3      0      0      0      1      0      0      0      0      0      0      0      0      0      0      0      0      2      0      0    867      1      0      0      0      0      0      0
     6      0      0      0      0      0      0      0      0      0      0      0      0      0      0      0      0      0      0      0    131      0      0      0      0      0      0      0
     1      0      0      0      1      0      0      0      0      0      0      0      0      0      0      0      0      0      0      0    925      0      0      0      0      0      0      0
     0      0      0      0      0      0      0      0      0      0      0      0      0      0      0      1      0      0      0      0    162      0      0      0      0      0      0      0
     0      0      0      2      0      0      0      0      0      0      0      0      0      0      0      1      0      0      0      0    317      0      0      0      0      0      0      0
     1      0      0      1      0      0      0      0      0      0      1      0      0      0      0      0      0      0      0      0    739      0      0      0      0      0      2      0
     4      0      1      1      0      0      0      0      0      0      0      0      0      0      0      0      0      1      0      0    691      0      0      0      0      0      0      1
# ===================================
# 
                precision    recall  f1-score   support

    admiration    0.66751   0.12059   0.20427      2181
     amusement    0.89189   0.02743   0.05323      1203
         anger    0.47826   0.01082   0.02115      1017
     annoyance    0.20000   0.00242   0.00478      1655
      approval    0.50000   0.01003   0.01967      2293
        caring    0.33333   0.00142   0.00283       703
     confusion    0.50000   0.00103   0.00206       968
     curiosity    0.80000   0.00354   0.00705      1129
        desire    0.00000   0.00000   0.00000       438
disappointment    1.00000   0.00228   0.00455       877
   disapproval    0.12500   0.00063   0.00125      1589
       disgust    0.60000   0.00518   0.01027       579
 embarrassment    0.00000   0.00000   0.00000       286
    excitement    1.00000   0.00157   0.00313       637
          fear    0.00000   0.00000   0.00000       359
     gratitude    0.89263   0.28610   0.43332      1482
         grief    0.00000   0.00000   0.00000        56
           joy    0.34615   0.00998   0.01940       902
          love    0.77778   0.04856   0.09142      1009
   nervousness    0.00000   0.00000   0.00000       174
       neutral    0.32748   0.99316   0.49255     10963
      optimism    1.00000   0.00114   0.00229       874
         pride    0.00000   0.00000   0.00000       137
   realization    0.00000   0.00000   0.00000       927
        relief    0.00000   0.00000   0.00000       163
       remorse    0.00000   0.00000   0.00000       320
       sadness    0.66667   0.00269   0.00535       744
      surprise    0.50000   0.00143   0.00285       699

      accuracy                        0.34108     34364
     macro avg    0.41453   0.05464   0.04934     34364
  weighted avg    0.46280   0.34108   0.19700     34364
