Top Emotions Decision Tree ModelBest hyperparams: {'criterion': 'gini', 'max_depth': 50, 'min_samples_split': 8}# 
# Confusion Matrix
   765     26      5     15     39     11      4     12      5      1      4      1      0     22      2     47      1     33     90      0   1025     17      5      3      1      0      0     47
    34    585      5     15      8      3      4      4      7      6     10      1      1      1      2      9      0     25      8      0    452      3      0      5      0      0      2     13
     9      9    188     39      4      4      9      4      2      4     15     19      0      0      3      3      0      3      7      0    687      1      0      0      0      1      1      5
    13     32     67     37     20      3      5      8      4      6     13     16      3      0      2      6      0      3      9      1   1377      6      0      6      2      1      5     10
    89     33      9     10     88      7      7      3      4      4     13      9      1      5      1      6      0     22     40      0   1910     17      0      3      1      4      1      6
    21      5      3      6      9     25      0      3      0      1      7      1      0      2      2      9      0      9      9      0    564     14      0      2      0      7      4      0
     7     14      5      7      6      2     94     25      0      1     12      1      3      1      4      1      0      0      5      0    768      3      0      1      0      2      1      5
     7     15      4      7      5      5     18    112      3      3      1      5      0      4      0      6      0      3      4      0    913      1      0      0      0      2      0     11
    14      6      3      3      6      3      1      2     61      4      5      2      0      1      2      1      0      8      4      0    290     21      0      0      0      0      1      0
     7     14      8      8      4      3      3      2      3     17     13     14      3      1      0      6      0      4      3      0    729      6      0      2      0      4     17      6
    21     22     18     15     18      7     10      3      5     10     60      9      1      5      1      3      0      1     10      0   1351      1      0      3      0      6      5      4
     1      4     23     16      3      1      1      1      1      7      7     66      0      1      0      2      0      0      3      0    439      2      0      0      0      0      0      1
     2      4      6      5      0      1      2      1      0      8      2      3      3      0      0      2      0      1      2      0    235      3      0      0      0      2      1      3
    37     10      5      7      8      2      2      4      3      1      7      0      0     53      0      2      0     20     18      0    420      9      0      1      1      0      0     27
     2      5      7      3      3      1      1      2      0      2      0      3      0      0     50      0      0      1      2      0    275      1      0      0      0      1      0      0
    85      6      4     10     15     11      4      3      2      4      0      1      0      7      0   1032      2     30     13      0    208     17      1      1      6     12      5      3
     2      0      0      0      1      1      0      0      0      0      0      0      0      0      0      2      2      1      1      0     42      0      0      0      0      2      2      0
    55     89      7      7     19     16      1      3      5      2      2      1      0     25      1     23      1    164     43      0    408      8      1      1      7      1      1     11
    62     12      3      9     11      7      3      4      5      2      3      0      1      5      0      7      0     25    571      0    270      7      0      1      0      0      0      1
     0      1      0      1      1      2      1      0      0      1      1      1      0      0      2      0      1      2      3      1    155      1      0      0      0      0      0      0
   153    171     99     61     69     27     43     58     29     29     60     25      4     18     14     59      1     56    110      3   9743     50      1      8      1     20     21     30
    30     13      6     10     17     20      2      7     27      5      2      3      0      9      1      9      0     10     10      0    506    180      1      1      0      2      2      1
     9      4      0      0      2      0      1      0      0      0      2      0      0      0      0      4      0      6      0      0    103      3      1      0      1      0      1      0
    14     10      7     13     13      3      4      2      2      6      8      1      1      2      3      2      1      4      5      2    781      5      0     12      0      5      2     19
    10      2      1      0      6      3      0      0      0      1      0      1      0      0      0      7      0     10      0      0    113      1      0      2      6      0      0      0
     1      4      3     11      9      6      1      6      3      5      4      0      5      0      0      8      1      0      0      0    134      0      0      0      0    103     16      0
     5      6      5      9      8      5      4      3      5     17      9      8      1      0      1      2      2      2      3      1    508      5      0      0      0     41     92      2
    16      6     10      5      1      1      6      5      2      6      7      1      0      5      0      1      0      2      2      0    514      1      0      1      1      0      0    106
# ===================================
# 
                precision    recall  f1-score   support

    admiration    0.52005   0.35076   0.41895      2181
     amusement    0.52798   0.48628   0.50627      1203
         anger    0.37525   0.18486   0.24769      1017
     annoyance    0.11246   0.02236   0.03730      1655
      approval    0.22392   0.03838   0.06552      2293
        caring    0.13889   0.03556   0.05663       703
     confusion    0.40693   0.09711   0.15680       968
     curiosity    0.40433   0.09920   0.15932      1129
        desire    0.34270   0.13927   0.19805       438
disappointment    0.11111   0.01938   0.03301       877
   disapproval    0.22472   0.03776   0.06466      1589
       disgust    0.34375   0.11399   0.17121       579
 embarrassment    0.11111   0.01049   0.01917       286
    excitement    0.31737   0.08320   0.13184       637
          fear    0.54945   0.13928   0.22222       359
     gratitude    0.81970   0.69636   0.75301      1482
         grief    0.16667   0.03571   0.05882        56
           joy    0.36854   0.18182   0.24350       902
          love    0.58564   0.56591   0.57560      1009
   nervousness    0.12500   0.00575   0.01099       174
       neutral    0.39097   0.88872   0.54304     10963
      optimism    0.46997   0.20595   0.28640       874
         pride    0.10000   0.00730   0.01361       137
   realization    0.22642   0.01294   0.02449       927
        relief    0.22222   0.03681   0.06316       163
       remorse    0.47685   0.32188   0.38433       320
       sadness    0.51111   0.12366   0.19913       744
      surprise    0.34084   0.15165   0.20990       699

      accuracy                        0.41372     34364
     macro avg    0.33978   0.18187   0.20909     34364
  weighted avg    0.37628   0.41372   0.33241     34364
