Top Emotions Multi-Layered PerceptronBest hyperparams: {'activation': 'relu', 'hidden_layer_sizes': (30, 50), 'solver': 'adam'}# 
# Confusion Matrix
  1138     25      6      8     52     18      5     20     14      2      9      7      0     28      6     61      0     54    110      0    521     42      0      3      0      1      3     48
    36    675      4     21     15      2      5      8      7      3     10      3      0      6      3      9      0     48      7      0    316      6      0      2      0      0      2     15
    10     16    340     94     14     11      6      8      5     11     33     32      2      0      9      3      0      4      5      0    385      3      0      0      0      1     12     13
    25     41    143    212     39     13     21     32     12     19     68     48      9     10     13     10      0      7     12      0    855     15      0      5      0      2     27     17
   152     42     21     40    282     32     15     32     22     18     51     15      5     10      6     14      0     36     52      0   1349     52      0     14      0     10     11     12
    24      3     10     12     22    108      5      4      4      6     13      3      1      1      5     12      0      8     12      0    377     35      0      2      0      7     25      4
    10     17      8     15     12      1    138     92      1      5     21      7      1      1     11      3      0      2      8      0    571     11      0      5      0      3      4     21
    15     16     19     14     12      7     39    298      5      1      9      2      4      7      6      5      0      5      8      0    607      5      0      2      0      2      2     39
    13     10      3      3     11      9      3      3    107      2      3      2      0      0      3      4      0      8      7      0    198     44      0      0      0      2      1      2
    12     16     27     38     11      9      5      9      6     83     30     14      6      1     17      6      0      4      5      0    475     13      0      5      0      7     62     16
    24     28     46     58     34      9     18      7      6     22    240     26      2      1     14      5      0      4     10      0    942     23      0      7      0      6     39     18
     2     12     54     46      9      2      5      3      1     16     19    127      9      2     13      0      0      1      1      0    236      5      0      2      0      1      6      7
     3     11      6     20      7      2      3      2      0      4      6      7     48      1      2      2      0      1      1      0    132      4      0      3      0      7      4     10
    83     14      8      7     12      3      5     19      6      2      4      2      0     84      0      7      0     47     23      0    250     13      0      2      0      0      4     42
     3      6     12      9      2      1      1      1      2      1      6     11      2      1    147      0      0      1      2      0    133      4      0      1      0      1      7      5
    95      5      5      2     15     14      6      1      4      1      2      1      1      8      0   1094      0     50     13      0    110     27      0      2      0     13     10      3
     0      0      1      0      0      1      0      0      0      0      0      0      2      0      0      2      0      2      1      0     35      1      0      0      0      4      7      0
    87    108      5      7     12     13      3      3      3      2      3      3      0     19      2     35      0    249     53      0    263     13      0      2      0      1      4     12
    73      7      1      3     12      5      0      3      8      4      1      0      1      3      0      7      0     23    649      0    187      9      0      2      0      1      7      3
     3      3      2      2      3      4      2      2      5      3      5      4      2      0      9      0      0      2      2      0    100      4      0      0      0      0     16      1
   283    218    238    243    296    118    141    236     78     84    275     69     21     63     60     89      0    101    153      0   7721    156      0     63      0     29    104    124
    40     14      4      8     20     28      8      7     20      9     11      1      0      4      2     14      0     16     12      0    349    289      0      1      0      2      8      7
    27      3      2      2      3      1      0      2      1      1      1      0      0      1      0      3      0      6      3      0     68      6      0      2      0      1      3      1
    14     15     10     21     32      6     13     10      2     11     36      3      3      2      8      2      0      5     11      0    587     20      0     51      0     10     13     42
     9      1      2      0      3     12      1      0      0      0      2      1      0      0      0     14      0     17      4      0     83      8      0      2      0      0      3      1
     1      1      1      4      7      4      0      0      5     10      1      1      6      0      4      5      0      0      2      0     96      1      0      4      0    113     54      0
     3      6     17     20      5      8      1      1      9     34     18     11      2      1     10      4      0      4      2      0    312      9      0      3      0     38    220      6
    28      6     11     18     13      1     13     24      2      5      8      8      0     14      7      3      0      8      2      0    302      4      0      3      0      0      5    214
# ===================================
# 
                precision    recall  f1-score   support

    admiration    0.51423   0.52178   0.51798      2181
     amusement    0.51175   0.56110   0.53529      1203
         anger    0.33797   0.33432   0.33613      1017
     annoyance    0.22869   0.12810   0.16421      1655
      approval    0.29529   0.12298   0.17365      2293
        caring    0.24434   0.15363   0.18865       703
     confusion    0.29870   0.14256   0.19301       968
     curiosity    0.36034   0.26395   0.30470      1129
        desire    0.31940   0.24429   0.27684       438
disappointment    0.23120   0.09464   0.13430       877
   disapproval    0.27119   0.15104   0.19402      1589
       disgust    0.31127   0.21934   0.25735       579
 embarrassment    0.37795   0.16783   0.23245       286
    excitement    0.31343   0.13187   0.18564       637
          fear    0.41176   0.40947   0.41061       359
     gratitude    0.77424   0.73819   0.75579      1482
         grief    0.00000   0.00000   0.00000        56
           joy    0.34923   0.27605   0.30836       902
          love    0.55470   0.64321   0.59569      1009
   nervousness    0.00000   0.00000   0.00000       174
       neutral    0.43969   0.70428   0.54139     10963
      optimism    0.35158   0.33066   0.34080       874
         pride    0.00000   0.00000   0.00000       137
   realization    0.27128   0.05502   0.09148       927
        relief    0.00000   0.00000   0.00000       163
       remorse    0.43130   0.35313   0.38832       320
       sadness    0.33183   0.29570   0.31272       744
      surprise    0.31332   0.30615   0.30970       699

      accuracy                        0.42565     34364
     macro avg    0.31588   0.26247   0.27675     34364
  weighted avg    0.39049   0.42565   0.38901     34364
