Top Sentiments Decision Tree ModelBest hyperparams: {'criterion': 'gini', 'max_depth': 50, 'min_samples_split': 8}# 
# Confusion Matrix
   764     25      5     13     40     11      4     13      5      1      4      1      0     22      2     48      1     31     90      0   1026     18      5      3      1      0      1     47
    33    586      6     15      8      3      5      4      7      6     10      1      1      1      2      8      0     25      8      0    451      3      0      5      0      0      2     13
     9      9    188     37      4      3      9      4      2      5     16     19      0      0      3      2      0      3      7      0    689      1      0      0      0      1      1      5
    13     32     67     37     19      3      5      8      4      6     14     16      3      0      2      6      0      3      9      1   1377      6      0      6      2      1      5     10
    91     33      9     10     88      7      8      3      4      4     13      9      1      5      1      6      0     22     39      0   1908     17      0      3      1      4      1      6
    21      5      3      6      9     25      0      2      0      1      7      1      0      2      2      9      0      9      9      0    564     15      0      2      0      7      4      0
     7     13      5      7      6      2     94     25      0      1     11      1      3      1      5      1      0      0      5      0    768      3      0      2      0      2      1      5
     7     15      4      7      5      5     18    113      3      3      1      5      0      4      0      6      0      3      4      0    912      1      0      0      0      2      0     11
    15      6      4      4      5      3      1      2     61      4      4      2      0      1      2      1      0      8      4      0    290     20      0      0      0      0      1      0
     7     14      9      8      3      3      3      2      3     18     13     14      3      1      0      6      0      4      3      0    729      6      0      2      0      4     16      6
    21     22     17     14     18      6     10      4      5     10     61      9      1      4      1      3      0      1     10      0   1352      2      0      3      0      5      6      4
     1      4     22     16      2      2      1      1      1      7      8     66      0      1      0      2      0      0      3      0    439      2      0      0      0      0      0      1
     2      4      6      5      0      1      2      1      0      8      2      3      3      0      0      2      0      1      2      0    235      3      0      0      0      2      1      3
    36     10      5      6      8      2      2      4      3      1      7      0      0     53      0      2      0     20     18      0    420      9      0      1      1      0      0     29
     5      5      4      3      3      1      1      2      0      2      0      3      0      0     50      0      0      1      2      0    275      1      0      0      0      1      0      0
    87      7      4     10     16     12      4      3      2      4      0      1      0      8      0   1029      2     30     13      0    206     15      1      1      6     12      6      3
     2      0      0      0      1      1      0      0      0      0      0      0      0      0      0      2      2      1      1      0     42      0      0      0      0      2      2      0
    55     89      6      7     19     16      1      4      6      2      2      1      0     25      1     23      1    162     43      0    409      8      1      1      7      1      1     11
    62     12      3      9     13      7      3      4      5      2      3      0      1      5      0      7      0     25    568      0    271      7      0      1      0      0      0      1
     0      1      0      1      1      2      1      0      0      1      1      1      0      0      2      0      1      2      3      1    155      1      0      0      0      0      0      0
   156    172    101     60     67     26     42     57     31     28     62     25      4     18     14     58      1     54    111      3   9745     48      1      8      1     20     20     30
    30     13      6      9     17     20      2      7     26      5      2      3      0      9      1      8      0     10     10      0    507    183      1      1      0      2      1      1
    10      3      0      0      2      0      1      0      0      0      2      0      0      0      0      4      0      6      0      0    103      3      1      0      1      0      1      0
    14     10      7     13     13      3      4      2      2      6      8      1      1      2      3      2      1      4      5      2    781      5      0     12      0      5      2     19
    10      2      1      0      6      3      0      0      0      2      0      1      0      0      0      6      0     10      0      0    113      1      0      2      6      0      0      0
     3      4      3     11      9      6      1      5      3      5      4      0      5      0      0      6      1      0      0      0    135      1      0      0      0    102     16      0
     5      6      5      9      8      5      4      3      5     18      9      8      1      0      1      2      2      2      3      1    508      5      0      0      0     41     91      2
    17      6     10      6      1      1      5      5      2      6      7      1      0      5      0      1      0      2      2      0    514      1      0      1      1      0      0    105
# ===================================
# 
                precision    recall  f1-score   support

    admiration    0.51517   0.35030   0.41703      2181
     amusement    0.52888   0.48712   0.50714      1203
         anger    0.37600   0.18486   0.24786      1017
     annoyance    0.11455   0.02236   0.03741      1655
      approval    0.22506   0.03838   0.06557      2293
        caring    0.13966   0.03556   0.05669       703
     confusion    0.40693   0.09711   0.15680       968
     curiosity    0.40647   0.10009   0.16063      1129
        desire    0.33889   0.13927   0.19741       438
disappointment    0.11538   0.02052   0.03485       877
   disapproval    0.22509   0.03839   0.06559      1589
       disgust    0.34375   0.11399   0.17121       579
 embarrassment    0.11111   0.01049   0.01917       286
    excitement    0.31737   0.08320   0.13184       637
          fear    0.54348   0.13928   0.22173       359
     gratitude    0.82320   0.69433   0.75329      1482
         grief    0.16667   0.03571   0.05882        56
           joy    0.36902   0.17960   0.24161       902
          love    0.58436   0.56293   0.57345      1009
   nervousness    0.12500   0.00575   0.01099       174
       neutral    0.39099   0.88890   0.54309     10963
      optimism    0.47532   0.20938   0.29071       874
         pride    0.10000   0.00730   0.01361       137
   realization    0.22222   0.01294   0.02446       927
        relief    0.22222   0.03681   0.06316       163
       remorse    0.47664   0.31875   0.38202       320
       sadness    0.50838   0.12231   0.19718       744
      surprise    0.33654   0.15021   0.20772       699

      accuracy                        0.41363     34364
     macro avg    0.33958   0.18164   0.20897     34364
  weighted avg    0.37631   0.41363   0.33237     34364
