Top Sentiments Naive Bayes ModelBest hyperparams: {'alpha': 0}# 
# Confusion Matrix
   822     10      1      8     39     15      4      8      7      5      5      4      2     26      4     56      0     32     55      2   1005     22     12      6      3      0      3     25
    32    328      0     18     13      0      2      3      4      3     11      2      1      4      2      9      0     24      5      2    720      1      2      5      1      1      2      8
     6     10    159     48      6      5      5      5      2      9     18     17      5      4      3      4      1      1      3      0    685      2      0      3      2      3      6      5
    18     19     58    116     28      7     12     15      6     21     38     33      9     10      7      9      7      3      3      6   1192      4      2     10      0      3     14      5
    80     21     11     26    196     15      9      8     10      8     24     14      3      8      6     11      1     13     16      1   1733     32      6     13     11      7      6      4
    10      0      4      5     17     63      4      2      0      8      8      1      3      2      0     10      1      2      3      1    524     16      0      5      1      7      5      1
     3      9      6     16     11      1     87     43      1      7      7      2      3      1      2      3      2      0      3      1    729      4      1     10      1      1      3     11
    11      4      6      8     11      8     29    168      2      3      4      3      1      6      3      4      0      0      3      0    834      2      0      1      2      1      1     14
     3      5      2      2      8      5      2      3     53      2      3      1      0      1      1      1      2      7      5      0    304     24      1      0      2      1      0      0
     6     10      8     21     12      3      4      2      4     51     11      9      5      2      4      3      1      4      0      7    652      5      0      9      3      9     28      4
    12     13     21     51     28      2     12      7      0     15    131     14      3      1      4      8      3      2      4      3   1192      8      2      7      3      8     24     11
     2      1     20     15      9      1      2      3      1     14     11     82      8      1     13      0      1      1      0      0    381      2      1      3      0      0      3      4
     3      9      2      9      1      0      0      2      1      3      3      2     39      1      1      1      0      2      0      1    194      2      1      3      0      2      1      3
    52      8      3      5      5      0      4      5      5      5      3      1      0     60      1      5      0     32     12      1    392     14      1      1      1      1      1     19
     1      1      4      8      3      4      0      3      1      5      4      9      1      0     72      0      0      1      1      1    231      1      0      1      0      1      4      2
    75      6      2      4     13      9      2      2      0      0      1      0      0     10      0    902      2     23      9      0    389      9      1      3      6      6      6      2
     1      0      1      0      0      2      1      0      0      0      0      0      1      0      0      1      6      0      0      1     34      1      0      0      0      3      4      0
    47     65      3      4     12     11      3      1      1      3      3      2      1     22      0     28      0    128     25      0    517      6      2      3      9      1      0      5
    60      2      3      1     15      3      1      4      5      2      2      2      0      6      0      5      1     17    357      0    507      8      1      2      0      1      4      0
     3      2      0      0      1      6      1      1      1      1      3      3      1      0      4      1      0      1      0     16    123      2      0      0      0      0      4      0
   188    117    111    155    196     80     98    126     47     81    158     46     22     64     40     62     18     66     74     17   8855     70     20     93     22     27     52     58
    25      5      4      0     15     22      9      7     13      5      9      2      0      7      2      9      0     13      3      0    560    146      1      5      4      2      3      3
    15      0      1      0      1      0      0      0      0      2      0      0      0      0      0      1      1      6      2      0     99      1      6      1      1      0      0      0
    12      9      3     16     16      3      5      3      1      6     15      3      2      6      0      1      1      2      2      2    723      8      2     54      2      5      6     19
    10      1      0      0      4      5      1      0      0      0      1      0      0      1      0      7      1      4      2      0    113      1      0      1      9      0      1      1
     2      1      1      4      3      3      0      1      1      4      0      2      4      0      0      5      2      0      3      1    201      1      1      3      0     60     17      0
     4      5      5     10      5      4      0      2      4     24     12      3      0      0      2      9      3      2      1      0    514      5      0      3      0     23    100      4
    17      5      8     10      9      4      6     10      3      3      2      3      0     11      2      4      1      4      0      1    475      1      0      7      0      1      3    109
# ===================================
# 
                precision    recall  f1-score   support

    admiration    0.54079   0.37689   0.44420      2181
     amusement    0.49249   0.27265   0.35099      1203
         anger    0.35570   0.15634   0.21721      1017
     annoyance    0.20714   0.07009   0.10474      1655
      approval    0.28951   0.08548   0.13199      2293
        caring    0.22420   0.08962   0.12805       703
     confusion    0.28713   0.08988   0.13690       968
     curiosity    0.38710   0.14880   0.21497      1129
        desire    0.30636   0.12100   0.17349       438
disappointment    0.17586   0.05815   0.08740       877
   disapproval    0.26899   0.08244   0.12620      1589
       disgust    0.31538   0.14162   0.19547       579
 embarrassment    0.34211   0.13636   0.19500       286
    excitement    0.23622   0.09419   0.13468       637
          fear    0.41618   0.20056   0.27068       359
     gratitude    0.77826   0.60864   0.68307      1482
         grief    0.10909   0.10714   0.10811        56
           joy    0.32821   0.14191   0.19814       902
          love    0.60406   0.35382   0.44625      1009
   nervousness    0.25000   0.09195   0.13445       174
       neutral    0.37084   0.80772   0.50831     10963
      optimism    0.36683   0.16705   0.22956       874
         pride    0.09524   0.04380   0.06000       137
   realization    0.21429   0.05825   0.09160       927
        relief    0.10843   0.05521   0.07317       163
       remorse    0.34483   0.18750   0.24291       320
       sadness    0.33223   0.13441   0.19139       744
      surprise    0.34385   0.15594   0.21457       699

      accuracy                        0.38340     34364
     macro avg    0.32469   0.17991   0.21763     34364
  weighted avg    0.36757   0.38340   0.32527     34364
