Top Sentiments Multi-Layered PerceptronBest hyperparams: {'activation': 'relu', 'hidden_layer_sizes': (30, 50), 'solver': 'adam'}# 
# Confusion Matrix
  1115     28      2     11     56     17      6     15      7      0      8      8      0     17      4     56      0     50    116      0    570     30      0      7      0      0      5     53
    32    694      1     22     11      3      1      4      5      7     18      1      0      4      2      8      0     43      8      0    317      2      0      2      0      0      1     17
     6     16    302     97     17      8     11     11      2     11     38     38      1      1      8      3      0      3      6      0    420      1      0      0      0      1      9      7
    20     55    127    193     32      6     23     27     11     23     82     48      8      4     19     15      0      8     15      0    878     12      0      8      0      4     21     16
   133     47     19     42    281     26     21     23     14     12     52     21      1      5      9     14      0     30     56      0   1395     36      0     18      0     11     14     13
    19      5     11     12     21     91      4     11      2      4     14      1      1      0      4     13      0     17     16      0    393     30      0      4      0     13     14      3
    10     16     12      8     13      2    153    109      0      7     28      4      0      2     10      2      0      1     13      0    534      8      0     10      0      3      4     19
    21     14     13     13     14      3     59    310      1      4     10      1      3      5      5      5      0      6      8      0    591      5      0      2      0      2      1     33
     8      6      1      6     18      7      4      4    101      2      5      2      0      2      2      2      0     11      9      0    207     35      0      1      0      2      1      2
     9     19     24     39     16      4      5     11      8     86     39     14      2      0     14      6      0      3      6      0    477     10      0     10      0     10     52     13
    15     29     45     64     48      7     25     13      5     26    240     23      2      0     14      6      0      4     13      0    939     12      0      8      0     11     26     14
     2      6     47     38      9      0      5      6      1     15     22    132      6      1     11      0      0      2      1      0    260      3      0      1      0      2      3      6
     3     10      7     14      8      1      4      4      0     15      9     10     31      1      4      2      0      2      1      0    135      2      0      2      0      9      2     10
    75     13      5      8     15      2      4     17      2      3      5      2      0     76      2      4      0     48     22      0    271     15      0      1      0      0      3     44
     4      4     12      8      3      2      0      2      2      3      6     14      1      0    144      0      0      1      1      0    136      3      0      2      0      1      6      4
   104      7      1      9     14     13      3     10      0      3      3      1      0      1      0   1090      0     55     13      0    110     15      0      4      0     14     10      2
     1      0      0      1      0      1      1      0      0      2      0      0      0      0      1      2      0      2      0      0     32      1      0      1      0      5      6      0
    82    111      4      7     15      7      3      3      2      3      5      2      0     18      3     35      0    252     56      0    259     15      0      5      0      1      3     11
    59      7      1      2     11      4      1      2      3      3      4      0      1      3      1      4      0     23    687      0    176      6      0      1      0      1      7      2
     4      3      1      4      1      4      2      5      1      6      5      4      1      0     11      0      0      1      2      1    104      1      0      0      0      0     12      1
   234    211    217    213    328     91    162    257     62    100    325     64     12     36     57     81      0     93    177      0   7801    118      0     80      0     38    104    102
    27     15      7      5     27     27      9     11     22      8     11      0      1      7      1     14      0     14     12      0    383    255      0      4      0      3      6      5
    30      2      3      1      5      0      0      0      0      2      0      1      0      0      1      1      0     12      3      0     62      5      0      2      0      1      5      1
    17     15      9     19     31      5     23      9      1     15     37      3      1      2      7      2      0      7     12      0    590      8      0     55      0     11     10     38
     8      1      2      0     10      3      1      0      0      2      1      0      0      0      1     15      0     22      4      0     81      6      0      1      1      0      4      0
     1      3      0      6      7      2      1      2      3     16      1      1      2      0      3      7      0      0      2      0     76      1      0      3      0    131     52      0
     5      6     13     14      7      6      0      0      5     47     16     11      0      0      9      4      0      6      6      0    338      4      0      3      0     48    192      4
    26      6     12     18     12      3      8     29      1      6      6      9      1      7      5      5      0      6      2      0    327      2      0      9      0      0      3    196
# ===================================
# 
                precision    recall  f1-score   support

    admiration    0.53865   0.51123   0.52458      2181
     amusement    0.51446   0.57689   0.54389      1203
         anger    0.33630   0.29695   0.31540      1017
     annoyance    0.22082   0.11662   0.15263      1655
      approval    0.27282   0.12255   0.16912      2293
        caring    0.26377   0.12945   0.17366       703
     confusion    0.28386   0.15806   0.20305       968
     curiosity    0.34637   0.27458   0.30632      1129
        desire    0.38697   0.23059   0.28898       438
disappointment    0.19954   0.09806   0.13150       877
   disapproval    0.24242   0.15104   0.18612      1589
       disgust    0.31807   0.22798   0.26559       579
 embarrassment    0.41333   0.10839   0.17175       286
    excitement    0.39583   0.11931   0.18335       637
          fear    0.40909   0.40111   0.40506       359
     gratitude    0.78080   0.73549   0.75747      1482
         grief    0.00000   0.00000   0.00000        56
           joy    0.34903   0.27938   0.31034       902
          love    0.54223   0.68087   0.60369      1009
   nervousness    1.00000   0.00575   0.01143       174
       neutral    0.43674   0.71158   0.54127     10963
      optimism    0.39782   0.29176   0.33663       874
         pride    0.00000   0.00000   0.00000       137
   realization    0.22541   0.05933   0.09394       927
        relief    1.00000   0.00613   0.01220       163
       remorse    0.40683   0.40937   0.40810       320
       sadness    0.33333   0.25806   0.29091       744
      surprise    0.31818   0.28040   0.29810       699

      accuracy                        0.42515     34364
     macro avg    0.39045   0.25861   0.27447     34364
  weighted avg    0.39897   0.42515   0.38741     34364
