Base Emotions Multi-Layered Perceptron# 
# Confusion Matrix
   973     33      4     11     29     25      0     24      2      3      3      3      1     25      2     65      0     33    114      0    772     11      4      2      1      0      4     37
    32    591      4     15      5      2      4      9      5      1      5      3      1     12      2     11      0     26     10      0    442      5      0      2      0      0      5     11
    16     14    245     48      9      9      1     15      2     13     14     16      1      0      7      3      2      4      5      0    580      1      0      1      0      2      3      6
    31     31     83     99     10     10      5     27      5      9     28     32      4      0      8     13      0      8      9      0   1200      6      0      0      0      3     19     15
   116     46     13     16    120     17      3     14      9      8     23      7      1      6      3     18      0     20     48      0   1753     16      3      4      4      6     12      7
    16      4      6      4     11     89      1      7      2      1      8      2      0      0      2     12      0     12     15      4    469     15      0      1      1      7     12      2
    10     11      7      6     11      0     51    129      0      3      7      2      0      0      2      4      0      0      6      1    693      5      0      2      0      4      5      9
    11     15      8      7      3      4     21    330      2      1      2      1      2      3      2      5      0      1      4      0    678      3      0      1      0      1      1     23
     8      8      6      0      4      8      0      5     75      0      3      0      0      1      1      1      0      4     12      0    279     18      0      0      0      1      2      2
    20     22     14     16      4      6      1      7      3     40     16      6      2      2      8      5      0      2      4      1    630      6      0      0      1     12     39     10
    22     23     27     31     19      9      6     15      8     12     99     11      0      2      8     14      0      1     14      0   1233      4      0      2      2      9     12      6
     8      6     32     19      3      2      2      5      1      6     10     82      2      1      9      2      0      1      3      0    372      3      0      0      0      1      6      3
     8      8      4     10      4      0      1      1      0      2      3      7     18      1      2      3      0      0      1      0    188      1      0      2      0     12      3      7
    63     14      5      2      7      2      0     15      3      2      1      1      0     72      0      9      0     27     24      1    350      8      0      1      0      0      3     27
     3      7      9      4      2      1      1      6      1      0      3     12      0      0    106      0      0      1      1      1    194      2      0      1      0      1      2      1
    84     12      2      1      6     16      1      7      2      1      2      1      0     12      1   1076      0     31     15      0    169     22      0      0      0     14      5      2
     1      0      1      0      0      2      0      0      0      0      0      0      0      0      0      0      5      1      2      0     33      1      0      0      0      2      8      0
    78     90      2      2     10     12      3      3      2      2      0      2      0     24      4     35      0    156     50      0    402      9      1      0      1      2      5      7
    69      8      1      1      7      6      0      5      8      3      3      0      0      2      0      7      0      7    610      0    259      3      1      0      0      2      5      2
     2      2      3      2      1      3      2      1      1      5      2      1      2      1      8      1      0      0      2     10    119      1      0      0      0      0      4      1
   239    189    149     82    113     99     35    307     33     35    120     33      7     22     46     80      6     64    149      1   8912     65      2     19      2     32     63     59
    36     13      3      1     15     30      2      4     18      5      3      1      0      7      2     11      0      8     19      0    498    190      0      0      0      2      4      2
    16      5      2      0      0      0      0      0      0      1      1      0      0      2      0      2      0      8      1      0     83      3      6      2      1      0      3      1
    17     13      6      3     11      1      2     12      3      6     11      0      2      4      3      3      1      3     10      0    746      5      0     23      0     10      9     23
     6      3      1      1      3      6      0      0      0      0      2      0      1      0      1     10      0     19      2      0    101      2      0      3      0      0      2      0
     3      4      1      3      1      2      2      5      3      2      4      1      0      0      1      8      2      1      0      0    141      0      0      2      0    115     18      1
     6     11      7      7      7     10      0      5      3     16      6      5      2      0      6      6      2      4     12      1    418      7      0      3      1     49    147      3
    33      8      9      6      3      2      2     29      1      3      5      3      0      9      6      4      1      2      3      0    451      0      0      4      0      0      2    113
# ===================================
# 
                precision    recall  f1-score   support

    admiration    0.50493   0.44613   0.47371      2181
     amusement    0.49622   0.49127   0.49373      1203
         anger    0.37462   0.24090   0.29324      1017
     annoyance    0.24937   0.05982   0.09649      1655
      approval    0.28708   0.05233   0.08853      2293
        caring    0.23861   0.12660   0.16543       703
     confusion    0.34932   0.05269   0.09156       968
     curiosity    0.33435   0.29229   0.31191      1129
        desire    0.39062   0.17123   0.23810       438
disappointment    0.22222   0.04561   0.07569       877
   disapproval    0.25781   0.06230   0.10035      1589
       disgust    0.35345   0.14162   0.20222       579
 embarrassment    0.39130   0.06294   0.10843       286
    excitement    0.34615   0.11303   0.17041       637
          fear    0.44167   0.29526   0.35392       359
     gratitude    0.76420   0.72605   0.74464      1482
         grief    0.26316   0.08929   0.13333        56
           joy    0.35135   0.17295   0.23180       902
          love    0.53275   0.60456   0.56639      1009
   nervousness    0.50000   0.05747   0.10309       174
       neutral    0.40208   0.81292   0.53803     10963
      optimism    0.46117   0.21739   0.29549       874
         pride    0.35294   0.04380   0.07792       137
   realization    0.30667   0.02481   0.04591       927
        relief    0.00000   0.00000   0.00000       163
       remorse    0.40070   0.35938   0.37891       320
       sadness    0.36476   0.19758   0.25632       744
      surprise    0.29737   0.16166   0.20945       699

      accuracy                        0.41768     34364
     macro avg    0.36553   0.21864   0.24446     34364
  weighted avg    0.38833   0.41768   0.35318     34364
