Base Emotions Multi-Layered Perceptron# 
# Confusion Matrix
  1015     30      9      6     20      6      0     16      2      3      2      2      0     12      2     76      0     29    104      0    783     23      0      1      0      1      9     30
    44    629      5      3      2      2      2     14      4      2      6      1      0      7      3     10      0      9     10      0    425      9      0      0      0      0      7      9
    14     16    228     28      1      2      1     14      1      3     11     17      0      0      3      3      0      0     11      0    650      2      0      1      0      0      9      2
    23     40     90     45      8      0      4     27      2      6     11     30      1      0      5     14      0      9     15      0   1288      7      0      0      0      0     21      9
   135     50     10      5     95      7      5     10      4      2      8      3      0      5      5     21      0     21     55      0   1795     34      0      0      1      4     15      3
    17      5      3      0      6     45      1      3      1      0      2      0      0      0      2     16      0     12     12      0    532     21      0      0      0      6     16      3
    10     14      8      3      7      0     32    140      1      1      2      1      0      0      1      3      0      2      7      0    721      4      0      0      0      2      4      5
    12     14      6      5      0      0     10    311      1      0      1      0      1      3      1      6      0      1      5      0    734      6      0      0      0      0      1     11
     8     12      7      1      4      4      0      3     62      2      2      0      0      3      0      4      0      6     17      0    267     28      0      0      0      3      3      2
    23     22      9     11      5      1      0      8      3     23     11      7      2      1      5      4      0      4      5      0    664      9      0      0      0      4     46     10
    21     26     25     10     23      4      3     15      7      4     59     13      0      1      6     15      0      0     14      0   1302      9      0      1      0      6     19      6
     8      7     41     13      2      0      0      5      1      6      5     63      0      1      7      1      0      0      4      0    399      4      0      0      0      0      9      3
     6      3      7      3      1      0      1      2      0      1      3      5      6      0      1      3      0      0      2      0    223      1      0      1      0      6      7      4
    78     13     10      6      7      0      0     10      1      0      0      1      0     55      1     10      0     27     25      0    354     11      0      0      0      0      1     27
     3      7      3      2      1      1      1      6      0      1      2     13      0      0     83      0      0      0      0      2    220      5      0      1      0      1      5      2
    81     15      1      1      6      3      0      5      2      3      0      1      0     16      1   1080      0     25     10      0    189     23      0      0      0     10     10      0
     0      0      0      0      0      1      0      0      0      0      0      0      0      0      0      1      0      1      2      0     36      1      0      0      0      2     12      0
    90    112      5      5     13      8      0      6      2      1      2      0      0     25      2     48      0    135     45      0    362     20      0      0      0      1     12      8
    58      8      4      0      5      1      1      5      2      3      0      0      0      0      0      8      0     11    646      0    246      3      0      0      0      0      6      2
     2      2      4      1      0      2      3      2      0      2      3      1      1      0     11      0      0      0      1      5    121      3      0      0      0      0      9      1
   270    220    146     45     77     28     20    282     35     10     59     31      3     34     28     95      0     55    143      0   9123    104      0      3      0     28     79     45
    34     14      0      3     11     13      0      4     16      2      2      0      0      8      1     18      0      5     18      0    488    225      0      0      0      0     10      2
    24      5      3      0      1      0      0      0      0      1      1      0      0      1      0      4      0     10      0      0     81      2      1      0      0      0      2      1
    20     21      3      2     15      1      0      7      1      2      6      2      1      3      2      1      0      2     11      0    775      6      0      4      0      7     13     22
    10      5      1      0      4      4      0      0      0      0      1      0      0      1      0      9      0     16      3      0    105      1      0      0      0      0      3      0
     3      7      1      2      2      0      0      3      2      2      3      0      1      0      1     10      0      1      0      1    152      2      0      1      0     95     30      1
    13     15      6      2      2      2      0      5      3     11      0      5      1      0      6      3      0      8      8      0    431     13      0      2      0     37    165      6
    35     16     15      4      6      1      1     26      1      2      4      2      0      6      6      3      0     11      6      0    460      2      0      1      0      0      5     86
# ===================================
# 
                precision    recall  f1-score   support

    admiration    0.49344   0.46538   0.47900      2181
     amusement    0.47364   0.52286   0.49704      1203
         anger    0.35077   0.22419   0.27355      1017
     annoyance    0.21845   0.02719   0.04836      1655
      approval    0.29321   0.04143   0.07260      2293
        caring    0.33088   0.06401   0.10727       703
     confusion    0.37647   0.03306   0.06078       968
     curiosity    0.33477   0.27547   0.30224      1129
        desire    0.40260   0.14155   0.20946       438
disappointment    0.24731   0.02623   0.04742       877
   disapproval    0.28641   0.03713   0.06574      1589
       disgust    0.31818   0.10881   0.16216       579
 embarrassment    0.35294   0.02098   0.03960       286
    excitement    0.30220   0.08634   0.13431       637
          fear    0.45355   0.23120   0.30627       359
     gratitude    0.73670   0.72874   0.73270      1482
         grief    0.00000   0.00000   0.00000        56
           joy    0.33750   0.14967   0.20737       902
          love    0.54792   0.64024   0.59049      1009
   nervousness    0.62500   0.02874   0.05495       174
       neutral    0.39793   0.83216   0.53840     10963
      optimism    0.38927   0.25744   0.30992       874
         pride    1.00000   0.00730   0.01449       137
   realization    0.25000   0.00431   0.00848       927
        relief    0.00000   0.00000   0.00000       163
       remorse    0.44601   0.29688   0.35647       320
       sadness    0.31250   0.22177   0.25943       744
      surprise    0.28667   0.12303   0.17217       699

      accuracy                        0.41660     34364
     macro avg    0.37730   0.19986   0.21610     34364
  weighted avg    0.38428   0.41660   0.33961     34364
