Base Emotions Multi-Layered Perceptron# 
# Confusion Matrix
   923     22      5      1      6      3      2     13      4      1      8      3      0     13      7    100      0     35     86      0    923     14      0      0      0      1      4      7
    53    399      7      6      0      0      6     17      3      0      5      3      0      0      3     15      0     12      9      0    650      7      0      0      0      0      6      2
    15     11    117     24      0      2      5      9      3      1      3      9      0      0      7     12      0      1      6      0    784      1      0      0      0      1      6      0
    31     31     46     36      1      0     11     15      2      2      8     21      7      0     11     21      0      6     11      0   1376      6      0      1      0      0      9      3
   155     26      5      6     32      3     13     11      9      0     25      4      0      3     10     53      0     24     41      0   1844     12      0      0      0      3     10      4
    22      1      1      0      4     20      2      0      0      2      3      0      0      0      6     32      0      6     11      0    564     16      0      1      0      2     10      0
     9      8      3      2      3      0     56    107      0      1      5      2      0      0      2      6      0      1      4      0    744      5      0      0      0      1      3      6
    13     13      2      2      0      1     44    244      2      0      1      1      0      3      1     10      0      3      3      0    777      2      0      0      0      0      1      6
    23      7      2      2      4      4      0      5     43      1      2      0      0      0      2     11      0     13      8      0    295     14      0      0      0      0      1      1
    19     16      7      7      0      0      4      9      1     16     12     10      2      1      8     12      0      2      5      0    700      3      0      0      0      4     35      4
    38     13     13      7      4      3      9     10      0      2     62      9      1      1      8     14      0      4     17      0   1347      5      0      0      0      6      9      7
     9      6     20      9      1      0      2      2      1      0      9     60      3      0     10      2      0      0      0      0    438      1      0      0      0      0      6      0
    10      6      4      4      0      0      0      1      1      1      3      2      8      1      1      1      0      0      2      1    235      0      0      0      0      2      2      1
    74      4      2      1      4      1      0      8      2      0      1      0      0     31      1     23      0     28     17      0    430      6      0      0      0      0      1      3
     7      5      1      0      0      0      3      2      0      0      1      7      0      0     96      1      0      1      1      0    227      3      0      0      0      0      4      0
   103     10      5      0      2      3      1      4      1      1      1      0      0      6      4    727      0     23     14      0    533     28      0      0      0      7      4      5
     0      0      1      0      0      2      0      0      0      1      0      0      0      0      2      2      0      1      2      0     40      0      0      0      0      2      3      0
    98     70      2      0      4      3      1      8      1      1      0      3      0      7      2     51      0    118     36      0    476     12      0      0      0      0      6      3
    76      7      3      0      0      3      1      5      1      0      3      0      0      1      0     16      0     11    507      0    370      1      0      1      0      0      3      0
     3      2      1      1      0      0      2      2      0      1      2      1      1      1      2      1      0      0      0      7    142      0      0      0      0      0      3      2
   388    147     67     22     32     26     76    202     43     20     69     24      5     18     49    170      1     53    130      2   9268     51      0      1      0     23     53     23
    54     10      1      0      1     10      0      3      8      3      4      0      0      3      3     44      0     14     12      0    579    125      0      0      0      0      0      0
    27      4      1      0      1      0      0      0      0      2      0      0      0      0      0      4      0      8      1      0     87      1      0      0      0      0      1      0
    22     11      1      1      3      1      9      4      0      3     11      0      2      3      6     14      0      2      8      0    801      5      0      2      0      3     12      3
     7      1      1      0      2      2      1      0      0      0      1      0      0      0      0     13      0     13      2      0    118      0      0      0      0      0      2      0
     7      2      1      2      0      1      3      2      1      4      0      0      1      0      2     19      0      0      0      1    194      1      0      1      0     55     23      0
    17     11      9      4      0      4      0      2      3      9      4      4      2      0      9     11      1      8     10      0    485      7      0      0      0     26    117      1
    36     14      8      2      3      0      3     16      0      1      2      4      1      2      3     11      0      6      5      0    531      1      0      0      0      0      3     47
# ===================================
# 
                precision    recall  f1-score   support

    admiration    0.41224   0.42320   0.41765      2181
     amusement    0.46558   0.33167   0.38738      1203
         anger    0.34821   0.11504   0.17295      1017
     annoyance    0.25899   0.02175   0.04013      1655
      approval    0.29907   0.01396   0.02667      2293
        caring    0.21739   0.02845   0.05031       703
     confusion    0.22047   0.05785   0.09165       968
     curiosity    0.34807   0.21612   0.26667      1129
        desire    0.33333   0.09817   0.15168       438
disappointment    0.21918   0.01824   0.03368       877
   disapproval    0.25306   0.03902   0.06761      1589
       disgust    0.35928   0.10363   0.16086       579
 embarrassment    0.24242   0.02797   0.05016       286
    excitement    0.32979   0.04867   0.08482       637
          fear    0.37647   0.26741   0.31270       359
     gratitude    0.52077   0.49055   0.50521      1482
         grief    0.00000   0.00000   0.00000        56
           joy    0.30025   0.13082   0.18224       902
          love    0.53481   0.50248   0.51814      1009
   nervousness    0.63636   0.04023   0.07568       174
       neutral    0.37134   0.84539   0.51602     10963
      optimism    0.38226   0.14302   0.20816       874
         pride    0.00000   0.00000   0.00000       137
   realization    0.28571   0.00216   0.00428       927
        relief    0.00000   0.00000   0.00000       163
       remorse    0.40441   0.17188   0.24123       320
       sadness    0.34718   0.15726   0.21647       744
      surprise    0.36719   0.06724   0.11366       699

      accuracy                        0.38168     34364
     macro avg    0.31550   0.15579   0.17486     34364
  weighted avg    0.35087   0.38168   0.29660     34364
