Base Emotions Multi-Layered Perceptron# 
# Confusion Matrix
  1000     26      9      7     20     15      3     14      5      2      4      6      0     11      2    110      0     16     85      0    809     15      2      0      1      0      3     16
    56    395      8     16      8      3      2     11      4      1      5      3      1      4      4     32      0     16     11      0    607      5      0      2      0      0      7      2
    16     13    176     74      1      6      5     13      1      2     16     19      1      2      4     18      1      2      5      0    633      1      0      0      0      1      7      0
    31     21     71    110      6      9      9     31      1     10     23     32      4      2      7     35      0      3     13      0   1205      3      0      1      0      2     18      8
   150     32     16     23     96     17      7     12      7      1     22     10      0      6      5     75      1     12     45      1   1719     14      1      0      0      5     13      3
    28      3      5      4      8     64      2      3      0      3      2      4      0      0      4     38      0      6     12      1    476     17      0      1      0      7     15      0
    15     10      8     11     10      1     61    120      0      2      4      2      0      0      1     13      0      0      3      1    692      3      0      0      0      3      2      6
    13      7     10      4      1      2     31    312      2      1      1      1      2      2      2     15      0      0      1      0    712      2      0      0      0      1      0      7
    18      6      3      4     13      6      1      7     50      2      3      0      0      0      0     15      0      8      6      0    273     18      0      0      0      1      2      2
    13     14     10     25      3      7      2      9      0     27     17     15      0      0      7     18      0      3      5      2    630      6      0      3      0      8     47      6
    23     14     30     27     16      4      6     19      0      8     91     15      3      2      7     27      0      1     12      0   1240      8      0      1      0      5     24      6
    14      1     34     27      1      0      2      1      2      9      6     82      6      0      7      4      0      0      1      0    374      1      0      0      0      0      6      1
     7      6      1     15      1      2      0      2      0      1      5      3     16      1      1      9      0      0      2      0    203      1      0      0      0      6      1      3
    58      7      7      3      8      2      2      8      2      0      1      0      1     58      1     31      0     11     17      2    404      7      0      0      0      0      1      6
     6      2      4      7      2      5      2      6      0      2      4     15      0      0     91      2      0      1      3      0    194      5      0      0      0      1      6      1
   106     10      7      3      4     13      0      4      0      0      3      2      0      9      0    867      0     16     14      0    382     21      1      0      2      9      7      2
     0      0      0      0      0      1      0      0      0      0      0      1      0      0      1      2      1      1      1      0     40      0      0      0      0      2      6      0
    86     68      4      3     15      9      1      7      0      0      1      1      1     21      0     80      0    110     43      0    435      8      0      0      0      0      6      3
    88      6      6      7      6     10      1      3      0      0      2      0      0      2      0     25      0     11    507      0    329      1      0      0      0      0      5      0
     4      2      4      1      0      3      2      3      0      4      3      1      2      1      4      4      0      0      1      9    118      1      0      0      0      0      5      2
   368    147    144    121     93     75     50    268     27     28    125     35      9     27     26    250      0     34    122      5   8796     47      4      6      2     30     79     45
    48     13      1      6      6     16      0      7      8      2      1      1      0      5      1     58      0      7     13      0    525    149      0      0      0      2      4      1
    21      3      1      1      1      0      0      1      0      3      1      0      0      1      0      8      0      4      1      0     82      2      4      0      0      0      3      0
    24     10      7      9     10      1      4      6      0      8     13      2      0      4      4     17      0      2      9      0    757      4      0     10      0      7     14      5
    10      2      3      1      4      4      1      0      0      0      1      0      0      0      0     12      0     12      1      0    109      0      0      0      1      1      1      0
     6      2      1      5      5      2      3      3      1      6      4      2      0      0      0     21      2      0      1      1    155      1      0      1      0     75     23      0
    10      6      8      9      3      8      1      3      4     12      7     10      1      0      9     20      3      4      5      3    441      4      0      0      0     30    143      0
    34      9     10     11      4      4      8     27      0      4     14      3      0      2      4     13      1      5      3      0    467      1      0      0      0      0      7     68
# ===================================
# 
                precision    recall  f1-score   support

    admiration    0.44385   0.45851   0.45106      2181
     amusement    0.47305   0.32835   0.38763      1203
         anger    0.29932   0.17306   0.21931      1017
     annoyance    0.20599   0.06647   0.10050      1655
      approval    0.27826   0.04187   0.07278      2293
        caring    0.22145   0.09104   0.12903       703
     confusion    0.29612   0.06302   0.10392       968
     curiosity    0.34667   0.27635   0.30754      1129
        desire    0.43860   0.11416   0.18116       438
disappointment    0.19565   0.03079   0.05320       877
   disapproval    0.24011   0.05727   0.09248      1589
       disgust    0.30943   0.14162   0.19431       579
 embarrassment    0.34043   0.05594   0.09610       286
    excitement    0.36250   0.09105   0.14555       637
          fear    0.47396   0.25348   0.33031       359
     gratitude    0.47664   0.58502   0.52530      1482
         grief    0.11111   0.01786   0.03077        56
           joy    0.38596   0.12195   0.18534       902
          love    0.53822   0.50248   0.51973      1009
   nervousness    0.36000   0.05172   0.09045       174
       neutral    0.38567   0.80234   0.52094     10963
      optimism    0.43188   0.17048   0.24446       874
         pride    0.33333   0.02920   0.05369       137
   realization    0.40000   0.01079   0.02101       927
        relief    0.16667   0.00613   0.01183       163
       remorse    0.38265   0.23438   0.29070       320
       sadness    0.31429   0.19220   0.23853       744
      surprise    0.35233   0.09728   0.15247       699

      accuracy                        0.38904     34364
     macro avg    0.34158   0.18089   0.20536     34364
  weighted avg    0.36070   0.38904   0.31973     34364
