Base Emotions Multi-Layered Perceptron# 
# Confusion Matrix
   973     29      6      6     16     10      0      4      2      0      1      2      0     15      4     58      0     23    112      0    869     24      1      0      0      4      1     21
    44    515      3      1      1      2      1      1      1      0      5      3      1      2      1     10      0     17     13      0    556      8      0      0      0      0     10      8
    10     19    173     25      0      0      1      3      1      1      7     15      1      1      1      4      0      2      9      0    729      2      0      0      0      4      8      1
    19     33     69     36     12      1      6      9      0      1     10     16      3      2      6     11      0      3     12      0   1375      5      0      0      0      4     15      7
   136     46      7      3     82      6      3      7      3      0     10      5      0      0      4     14      0     16     55      0   1860     15      0      0      0      7     13      1
    18      1      5      0      6     38      1      2      1      0      0      2      0      0      3      7      0      6     13      0    552     27      0      0      0     11      9      1
    10     12      6      4      5      1     33     37      0      1      4      2      0      0      1      4      0      2      6      0    825      3      0      0      0      3      4      5
    20     18      3      2      2      2     16    100      1      0      0      0      1      1      1      8      0      3      7      0    931      4      0      0      0      1      0      8
    12     10      1      1      4      0      2      2     50      1      1      0      0      2      0      6      0      6     10      0    301     25      0      0      0      1      3      0
    16     19      9      6      1      2      2      4      0      8      3      6      2      2      8      5      0      0      3      1    711      6      0      0      0     15     44      4
    23     22     23      6     15      1      1      2      2      0     44     12      1      1      7     10      0      1     17      0   1361      8      0      0      0      9     15      8
    12      8     27     10      1      0      0      1      1      0      3     60      0      1      5      0      0      0      3      0    437      1      0      0      0      0      4      5
     6      6      4      6      3      0      1      0      0      1      1      4      5      1      1      2      0      0      2      0    230      1      0      0      0      7      2      3
    75      7      6      3      3      0      0      6      1      0      1      0      0     53      0      4      0     22     23      1    406     12      0      0      0      0      1     13
     1      2      2      1      0      0      0      0      0      0      3      7      0      0     98      0      0      1      0      0    237      2      0      0      0      0      3      2
    85     10      0      1      7      8      0      0      0      0      1      1      0      9      1   1029      0     11     10      0    260     30      1      0      0     14      2      2
     1      1      1      0      0      2      0      0      0      0      0      0      0      0      0      1      0      0      1      0     39      0      0      0      0      4      6      0
    99     80      4      0     13      5      0      6      1      0      1      1      0     25      3     35      0    110     45      0    445     15      0      0      1      1      8      4
    66      8      3      0      5      1      0      0      2      0      0      0      0      4      0      8      0      5    627      0    271      4      0      0      0      0      5      0
     3      2      2      0      0      2      3      0      0      1      2      1      0      1      3      0      0      1      0     10    133      1      0      0      0      0      8      1
   269    201    105     21     80     30     28     81     29      3     46     19      1     25     29     85      0     43    137      1   9550     57      0      2      0     36     61     24
    35     14      1      0     10      7      2      3      6      2      2      0      0      6      1     16      0      6     14      0    549    192      0      0      0      2      3      3
    23      2      0      0      3      0      0      0      0      1      0      0      0      1      0      7      0      6      1      0     89      1      1      0      0      0      1      1
    20     16      3      2     10      1      4      3      1      0      1      0      0      5      6      2      0      2     13      0    805      2      0      3      0      6     13      9
    10      1      1      1      3      4      0      0      0      0      0      0      1      0      0      8      0     16      4      0    110      2      0      0      0      0      2      0
     2      5      0      0      3      0      1      0      1      0      2      0      0      0      1      9      0      1      2      0    161      2      0      0      0    106     24      0
     7     11      7      2      2      7      1      3      1      3      1      6      1      0      7      5      0      6      8      1    461      9      0      1      0     46    147      1
    41     19     10      2      2      2      3     11      0      1      2      3      0      3      5      4      0      6      3      0    512      0      0      0      0      0      1     69
# ===================================
# 
                precision    recall  f1-score   support

    admiration    0.47790   0.44613   0.46147      2181
     amusement    0.46106   0.42810   0.44397      1203
         anger    0.35967   0.17011   0.23097      1017
     annoyance    0.25899   0.02175   0.04013      1655
      approval    0.28374   0.03576   0.06352      2293
        caring    0.28788   0.05405   0.09102       703
     confusion    0.30275   0.03409   0.06128       968
     curiosity    0.35088   0.08857   0.14144      1129
        desire    0.48077   0.11416   0.18450       438
disappointment    0.33333   0.00912   0.01776       877
   disapproval    0.29139   0.02769   0.05057      1589
       disgust    0.36364   0.10363   0.16129       579
 embarrassment    0.29412   0.01748   0.03300       286
    excitement    0.33125   0.08320   0.13300       637
          fear    0.50000   0.27298   0.35315       359
     gratitude    0.76109   0.69433   0.72618      1482
         grief    0.00000   0.00000   0.00000        56
           joy    0.34921   0.12195   0.18077       902
          love    0.54522   0.62141   0.58082      1009
   nervousness    0.71429   0.05747   0.10638       174
       neutral    0.38562   0.87111   0.53459     10963
      optimism    0.41921   0.21968   0.28829       874
         pride    0.33333   0.00730   0.01429       137
   realization    0.50000   0.00324   0.00643       927
        relief    0.00000   0.00000   0.00000       163
       remorse    0.37722   0.33125   0.35275       320
       sadness    0.35593   0.19758   0.25411       744
      surprise    0.34328   0.09871   0.15333       699

      accuracy                        0.41066     34364
     macro avg    0.37363   0.18324   0.20232     34364
  weighted avg    0.39083   0.41066   0.32404     34364
