Base Emotions Multi-Layered Perceptron# 
# Confusion Matrix
  1108     37      5      7     27     21      0      9      3      6      8      3      0     18      8     70      0     55    122      0    615     14      1      3      2      1      5     33
    55    563      6     11      3      5      2      4      3      3     17      1      1      7      5     15      1     33     15      0    428      5      0      0      0      0     10     10
    21     20    223     66      4     12      2      8      5     11     31     20      3      1      7      4      0      6     10      0    554      1      0      0      0      2      3      3
    44     36     78    124     10     10      5     16      3      8     62     31      5      5     17     15      0     12     22      0   1102      4      0      2      0      5     26     13
   184     46     10     25    111     28      7     11     16      2     64      9      2      7      9     23      0     24     68      1   1592     25      1      0      4      8     15      1
    33      4      4      4      6     98      3      3      1      2     15      2      1      1      6     12      0     12     14      0    435     21      0      0      0      8     16      2
    18     13      7     11      4      0     64     62      0      0     24      3      1      0      4      3      0      3      9      0    716      3      0      2      0      3      7     11
    32     16     10     12      2      8     24    211      2      3      8      2      2      6      3      6      0      4      8      0    750      2      0      0      0      2      2     14
    16      9      2      0      4      3      2      4     71      1      6      1      0      0      0      6      0     11     14      0    259     22      0      0      1      2      2      2
    23     19     15     16      5     10      5      3      2     36     38     12      5      1     15      9      2      4      4      1    572      7      0      2      0      8     50     13
    44     24     24     37     12     10      8      7      5      9    192     25      2      2     12      9      0      3     21      0   1100      7      0      2      0     10     16      8
    20      9     32     42      3      3      1      0      1      4     17     77      7      1     11      1      0      0      4      0    333      0      0      0      0      1      6      6
     7     12      4      9      1      0      1      1      0      3      8      5     26      3      2      2      0      0      5      0    178      1      0      1      0      7      6      4
    95     12      8      7      5      3      1     10      2      0      1      0      0     63      2     14      0     36     25      1    318      8      0      0      0      0      4     22
     6      3      4      3      0      1      1      4      0      0      8     10      0      0    127      0      0      4      2      1    168      6      0      0      0      1      9      1
    95      8      0      3      5     18      2      2      1      1      7      4      0      3      0   1080      0     40     15      0    157     18      1      0      1     16      4      1
     2      0      0      0      0      2      0      0      0      1      1      0      0      0      0      1      4      0      2      0     32      1      0      0      0      3      7      0
   101     90      3      5     11      8      1      8      4      2      3      0      0     22      5     37      0    195     53      0    325     11      1      0      0      1      8      8
    81      7      1      2      8      2      0      2      4      2      2      3      0      2      0      8      0     27    664      0    185      2      0      0      0      1      6      0
     3      2      2      2      1      3      4      0      1      4      3      1      3      1     14      0      0      0      4      9    102      4      0      0      0      1      9      1
   406    200    129    131     68    102     43    172     47     33    243     42      8     36     52    100      5     88    156      1   8675     57      4      7      1     32     71     54
    51     15      2      5     13     24      0      4     12      2     11      1      0      5      3     32      0     21     17      0    461    179      0      0      0      1     11      4
    26      3      1      0      1      1      0      1      0      2      2      0      0      1      1      4      0      9      1      0     77      0      2      3      0      0      2      0
    27     14      4     16      8      6      5      8      2      6     23      3      0      3     13      4      0      5     16      0    714      3      0     12      0      8     10     17
    13      2      2      1      2      6      0      1      1      0      7      0      0      0      1     14      0     17      1      0     88      1      0      0      1      0      4      1
     6      9      0      5      2      2      1      1      2      2      3      1      2      0      1     13      2      3      3      1    124      0      0      2      0    105     30      0
    16     15      8     10      4     14      1      2      2     22     18      4      2      2      9      9      5      8      8      2    361      2      0      2      0     40    176      2
    43     16     10      5      2      4      4     20      0      3      9      3      0     10      9      4      1      9      4      0    415      1      0      2      0      1      5    119
# ===================================
# 
                precision    recall  f1-score   support

    admiration    0.43012   0.50802   0.46584      2181
     amusement    0.46761   0.46800   0.46780      1203
         anger    0.37542   0.21927   0.27685      1017
     annoyance    0.22182   0.07492   0.11201      1655
      approval    0.34472   0.04841   0.08489      2293
        caring    0.24257   0.13940   0.17706       703
     confusion    0.34225   0.06612   0.11082       968
     curiosity    0.36760   0.18689   0.24780      1129
        desire    0.37368   0.16210   0.22611       438
disappointment    0.21429   0.04105   0.06890       877
   disapproval    0.23105   0.12083   0.15868      1589
       disgust    0.29278   0.13299   0.18290       579
 embarrassment    0.37143   0.09091   0.14607       286
    excitement    0.31500   0.09890   0.15054       637
          fear    0.37798   0.35376   0.36547       359
     gratitude    0.72241   0.72874   0.72556      1482
         grief    0.20000   0.07143   0.10526        56
           joy    0.31002   0.21619   0.25474       902
          love    0.51593   0.65808   0.57840      1009
   nervousness    0.52941   0.05172   0.09424       174
       neutral    0.41635   0.79130   0.54561     10963
      optimism    0.44198   0.20481   0.27991       874
         pride    0.20000   0.01460   0.02721       137
   realization    0.30000   0.01294   0.02482       927
        relief    0.10000   0.00613   0.01156       163
       remorse    0.39326   0.32812   0.35775       320
       sadness    0.33846   0.23656   0.27848       744
      surprise    0.34000   0.17024   0.22688       699

      accuracy                        0.41657     34364
     macro avg    0.34915   0.22152   0.24115     34364
  weighted avg    0.38266   0.41657   0.35457     34364
